   3.8139498e-03  -5.0023937e-03
  -9.6035146e-03  -4.2375465e-03
  -6.9813901e-03  -4.8488659e-03
   5.9860678e-03   6.1918538e-03
   6.3942216e-03  -3.4223726e-03
   9.8827231e-03   6.3182050e-03
   3.3303064e-03  -3.8554814e-03
   8.1244664e-03  -2.6295356e-03
  -1.0940821e-02  -5.2389222e-03
  -6.0433470e-03   5.0173914e-03
   7.2181833e-01  -2.6343542e-03
   7.3278310e-01   8.9960976e-04
   7.1903507e-01  -6.6216887e-02
   7.1398054e-01  -2.0025434e-01
   7.3026322e-01  -3.5610601e-01
   7.1940421e-01  -5.4803380e-01
   7.2944948e-01  -7.3520027e-01
   7.2082797e-01  -9.3746937e-01
   7.3095372e-01  -1.1431907e+00
   7.3730147e-01  -1.3477042e+00
   7.1698868e-01  -1.5376657e+00
   7.1900653e-01  -1.7154302e+00
   7.2709450e-01  -1.8947286e+00
   7.2826809e-01  -2.0506740e+00
   7.3642796e-01  -2.2053769e+00
   7.3304602e-01  -2.3431444e+00
   7.3187228e-01  -2.4706987e+00
   7.2210171e-01  -2.5836893e+00
   7.2739865e-01  -2.6926668e+00
   7.1846620e-01  -2.7802838e+00
   7.3481110e-01  -2.8662572e+00
   7.1826243e-01  -2.9542150e+00
   7.2098601e-01  -3.0140120e+00
   7.3470802e-01  -3.0845833e+00
   7.3329579e-01  -3.1419951e+00
   7.1774610e-01  -3.1898616e+00
   7.2049812e-01  -3.2357214e+00
   7.2996826e-01  -3.2745072e+00
   7.1651999e-01  -3.3175986e+00
   7.3355713e-01  -3.3487231e+00
   7.3161528e-01  -3.3733813e+00
   7.3403659e-01  -3.3987110e+00
   7.2219094e-01  -3.4155323e+00
   7.1619996e-01  -3.4342551e+00
   7.3450709e-01  -3.4559518e+00
   7.2562888e-01  -3.4676869e+00
   7.1769133e-01  -3.4856171e+00
   7.2383825e-01  -3.4906547e+00
   7.2505210e-01  -3.5028122e+00
   7.3352181e-01  -3.5172674e+00
   7.1708680e-01  -3.5311370e+00
   7.1667246e-01  -3.5375117e+00
   7.2923153e-01  -3.5402598e+00
   7.2752145e-01  -3.5416446e+00
   7.3381125e-01  -3.5473470e+00
   7.3167819e-01  -3.5600692e+00
   7.1740558e-01  -3.5553666e+00
   7.1419870e-01  -3.5591875e+00
   7.1524390e-01  -3.5664130e+00
   7.2883554e-01  -3.5669072e+00
   7.2397961e-01  -3.5611297e+00
   7.3420227e-01  -3.5666578e+00
   7.3594584e-01  -3.5676089e+00
   7.3395897e-01  -3.5793934e+00
   7.1800560e-01  -3.5711769e+00
   7.2312914e-01  -3.5811620e+00
   7.3708764e-01  -3.5763315e+00
   7.2727677e-01  -3.5801258e+00
   7.3582448e-01  -3.5838790e+00
   7.2619608e-01  -3.5819942e+00
   7.1527998e-01  -3.5853682e+00
   7.2474877e-01  -3.5817113e+00
   7.2503153e-01  -3.5809478e+00
   7.2607667e-01  -3.5750478e+00
   7.1604866e-01  -3.5815923e+00
   7.3557336e-01  -3.5837246e+00
   7.3177983e-01  -3.5868414e+00
   7.1957859e-01  -3.5843095e+00
   7.1900347e-01  -3.5780018e+00
   8.7013432e-02  -3.5762909e+00
   8.0990505e-02  -3.5861925e+00
   8.4186665e-02  -3.5124129e+00
   8.3514466e-02  -3.3925417e+00
   7.5372990e-02  -3.2305813e+00
   8.2360846e-02  -3.0564902e+00
   8.8535836e-02  -2.8591596e+00
   9.5592159e-02  -2.6638358e+00
   7.6819836e-02  -2.4712164e+00
   9.2834207e-02  -2.2706139e+00
   8.7715233e-02  -2.0877584e+00
   7.5443545e-02  -1.9100367e+00
   9.4597456e-02  -1.7355586e+00
   8.8388294e-02  -1.5802427e+00
   8.0183799e-02  -1.4361839e+00
   8.3633747e-02  -1.3025510e+00
   8.4830462e-02  -1.1848310e+00
   9.0203943e-02  -1.0663413e+00
   8.9829641e-02  -9.7075170e-01
   7.7919883e-02  -8.7295126e-01
   9.3908865e-02  -7.8184677e-01
   7.4523357e-02  -7.0529631e-01
   8.3706816e-02  -6.4519424e-01
   7.9827158e-02  -5.8396105e-01
   7.9050118e-02  -5.3284841e-01
   7.7823726e-02  -4.8306487e-01
   8.1272054e-02  -4.3648659e-01
   8.2800460e-02  -3.9344383e-01
   8.9935677e-02  -3.6452430e-01
   7.8375075e-02  -3.2365927e-01
   8.6059750e-02  -2.9909987e-01
   8.3886400e-02  -2.8113146e-01
   7.4002427e-02  -2.5839824e-01
   8.4561954e-02  -2.3731954e-01
   9.6403776e-02  -2.1882944e-01
   9.7580026e-02  -2.0779871e-01
   8.4827813e-02  -1.8582242e-01
   9.0236667e-02  -1.8129604e-01
   9.1405129e-02  -1.7269979e-01
   8.0754491e-02  -1.5642961e-01
   9.2898738e-02  -1.5798775e-01
   9.2657535e-02  -1.4682734e-01
   8.0934547e-02  -1.3657513e-01
   7.8620531e-02  -1.3284206e-01
   9.2874146e-02  -1.2989755e-01
   9.0028672e-02  -1.2838292e-01
   9.0252630e-02  -1.1594463e-01
   7.6300866e-02  -1.1840722e-01
   8.3552536e-02  -1.1747275e-01
   9.0593800e-02  -1.1059311e-01
   9.1749171e-02  -1.0638103e-01
   9.3441879e-02  -1.0796339e-01
   8.3324682e-02  -1.1042121e-01
   9.6904116e-02  -1.0508706e-01
   8.6903784e-02  -1.0761854e-01
   8.3639674e-02  -9.8026895e-02
   8.1064411e-02  -1.0106053e-01
   7.9419137e-02  -9.9605434e-02
   8.0369597e-02  -1.0444992e-01
   7.5312895e-02  -1.0316946e-01
   7.8234260e-02  -9.7518789e-02
   8.9621702e-02  -9.6899047e-02
   8.5760623e-02  -9.6195057e-02
   9.7475518e-02  -9.8119750e-02
   8.3420650e-02  -9.7084001e-02
   8.4591775e-02  -9.9107197e-02
   9.7246713e-02  -1.0272035e-01
   8.2668880e-02  -1.0322331e-01
   7.8217463e-02  -9.7806392e-02
  -8.7798971e-01  -9.1197622e-02
  -9.0028142e-01  -9.8103345e-02
  -8.7942746e-01  -4.2085978e-02
  -8.9855194e-01   6.0537257e-02
  -8.7780323e-01   1.9706857e-01
  -8.9009136e-01   3.4568455e-01
  -8.8180614e-01   5.1378127e-01
  -8.9726905e-01   6.8212814e-01
  -8.8044147e-01   8.4966193e-01
  -8.9171941e-01   1.0077732e+00
  -8.9848910e-01   1.1684099e+00
  -8.9711671e-01   1.3201676e+00
  -9.0059718e-01   1.4513184e+00
  -9.0018885e-01   1.5897249e+00
  -8.9757621e-01   1.7083414e+00
  -8.9258408e-01   1.8151644e+00
  -8.9121214e-01   1.9253621e+00
  -8.8180198e-01   2.0135928e+00
  -8.8049170e-01   2.1052049e+00
  -8.8586138e-01   2.1915981e+00
  -8.8597604e-01   2.2614959e+00
  -8.8632055e-01   2.3132383e+00
  -8.7856639e-01   2.3791808e+00
  -8.9927957e-01   2.4357214e+00
  -8.8273125e-01   2.4746681e+00
  -8.9363387e-01   2.5172183e+00
  -8.7944547e-01   2.5573757e+00
  -8.8353989e-01   2.5821416e+00
  -8.9864894e-01   2.6211313e+00
  -8.8469431e-01   2.6380709e+00
  -8.7973914e-01   2.6655452e+00
  -8.9558641e-01   2.6905967e+00
  -8.9772073e-01   2.7079499e+00
  -9.0103126e-01   2.7229235e+00
  -8.8908298e-01   2.7354739e+00
  -8.8988024e-01   2.7488740e+00
  -8.7983667e-01   2.7517058e+00
  -8.9495297e-01   2.7690988e+00
  -8.8168526e-01   2.7772535e+00
  -8.9780315e-01   2.7863712e+00
  -8.8467764e-01   2.7914671e+00
  -8.8390999e-01   2.7952521e+00
  -8.8531935e-01   2.8060354e+00
  -8.8449560e-01   2.8036755e+00
  -8.7876843e-01   2.8161688e+00
  -8.7937726e-01   2.8209209e+00
  -8.9488719e-01   2.8154486e+00
  -8.9254433e-01   2.8146915e+00
  -8.8910929e-01   2.8207993e+00
  -8.9138903e-01   2.8173143e+00
  -8.8835325e-01   2.8233658e+00
  -8.9476800e-01   2.8282165e+00
  -8.8765410e-01   2.8228150e+00
  -8.8440150e-01   2.8361178e+00
  -8.9628637e-01   2.8358209e+00
  -8.7839301e-01   2.8315936e+00
  -8.8507066e-01   2.8306485e+00
  -8.9045208e-01   2.8347307e+00
  -8.9015457e-01   2.8333874e+00
  -8.9385787e-01   2.8320304e+00
  -8.8193731e-01   2.8415058e+00
  -8.9229868e-01   2.8406448e+00
  -8.9425261e-01   2.8371244e+00
  -8.8230446e-01   2.8295486e+00
  -9.0054235e-01   2.8385101e+00
  -8.8262656e-01   2.8411311e+00
  -8.9668435e-01   2.8314631e+00
  -8.9889605e-01   2.8416759e+00
  -8.8600090e-01   2.8351426e+00
  -3.0223099e-01   2.8407918e+00
  -2.9652196e-01   2.8385609e+00
  -3.0450819e-01   2.7861364e+00
  -2.9821553e-01   2.7075285e+00
  -2.9590692e-01   2.6000628e+00
  -3.0754879e-01   2.4685495e+00
  -2.9569397e-01   2.3391412e+00
  -2.9386934e-01   2.1962508e+00
  -3.0591654e-01   2.0528260e+00
  -2.8617236e-01   1.9263664e+00
  -2.9913126e-01   1.7932318e+00
  -2.9545308e-01   1.6636139e+00
  -2.9215146e-01   1.5527526e+00
  -2.9513701e-01   1.4495302e+00
  -2.8895557e-01   1.3457271e+00
  -2.9234553e-01   1.2517163e+00
  -2.8782109e-01   1.1612517e+00
  -2.8974420e-01   1.0794920e+00
  -3.0174585e-01   1.0172607e+00
  -3.0528299e-01   9.4535272e-01
  -2.8849979e-01   8.8245599e-01
  -2.9957784e-01   8.3782040e-01
  -3.0401697e-01   7.9156637e-01
  -3.0334977e-01   7.4490716e-01
  -2.9037193e-01   7.0635821e-01
  -2.9272948e-01   6.7670826e-01
  -2.8907984e-01   6.4470432e-01
  -2.9309718e-01   6.0794719e-01
  -3.0135320e-01   5.8421239e-01
  -2.8597679e-01   5.7400271e-01
  -3.0658286e-01   5.5236539e-01
  -2.9504870e-01   5.2807393e-01
  -3.0520495e-01   5.1617269e-01
  -2.9506503e-01   5.0594951e-01
  -2.8581394e-01   4.9487316e-01
  -2.9289500e-01   4.8160994e-01
  -2.9345413e-01   4.7455035e-01
  -2.9173385e-01   4.6503147e-01
  -2.9581098e-01   4.5487531e-01
  -3.0721021e-01   4.5042040e-01
  -2.9555292e-01   4.3975980e-01
  -2.9541012e-01   4.3497669e-01
  -2.8737570e-01   4.2840093e-01
  -2.9387126e-01   4.3585308e-01
  -2.9467944e-01   4.3438066e-01
  -2.9551928e-01   4.2733338e-01
  -3.0405473e-01   4.2114478e-01
  -2.8795754e-01   4.2535068e-01
  -3.0342714e-01   4.1526350e-01
  -2.8578581e-01   4.2220728e-01
  -3.0379665e-01   4.1671507e-01
  -3.0822121e-01   4.0769655e-01
  -3.0290196e-01   4.1131043e-01
  -3.0635073e-01   4.0534716e-01
  -2.8761812e-01   4.1691503e-01
  -2.9088618e-01   4.0379494e-01
  -2.8865622e-01   4.0655831e-01
  -3.0453055e-01   4.0524463e-01
  -2.9500440e-01   4.1535375e-01
  -2.9378261e-01   4.0551341e-01
  -2.8667070e-01   4.1422460e-01
  -2.9297954e-01   4.0710659e-01
  -3.0374034e-01   4.0783264e-01
  -2.8800895e-01   4.1023987e-01
  -2.9339939e-01   4.1051171e-01
  -2.9341297e-01   4.0202687e-01
  -3.0196247e-01   3.9964438e-01
  -2.9039108e-01   4.1013668e-01
  -2.8928992e-01   4.0732124e-01
  -4.9263198e-01   4.0234042e-01
  -5.1564288e-01   4.0122733e-01
  -5.0835043e-01   4.2379715e-01
  -5.0066288e-01   4.3605204e-01
  -5.0058345e-01   4.6745097e-01
  -4.9878057e-01   4.8754923e-01
  -4.9412698e-01   5.1813952e-01
  -4.9811863e-01   5.5333144e-01
  -5.1093797e-01   5.8113371e-01
  -5.1027915e-01   6.1009142e-01
  -5.0742257e-01   6.3989719e-01
  -5.1139625e-01   6.7025867e-01
  -5.1119531e-01   7.0319309e-01
  -4.9968155e-01   7.3160121e-01
  -4.9854697e-01   7.5577152e-01
  -4.9638568e-01   7.7574874e-01
  -5.0334697e-01   7.9153534e-01
  -5.1350338e-01   8.0960681e-01
  -5.1513510e-01   8.2934055e-01
  -4.9900989e-01   8.4319512e-01
  -5.0426890e-01   8.5698393e-01
  -4.9481672e-01   8.6166662e-01
  -5.0487060e-01   8.8553905e-01
  -5.0906837e-01   8.8838558e-01
  -4.9942031e-01   8.9294602e-01
  -5.0105829e-01   9.0567759e-01
  -5.0396961e-01   9.1020022e-01
  -5.1480763e-01   9.1456893e-01
  -4.9909842e-01   9.2038425e-01
  -5.1016412e-01   9.2643804e-01
  -5.0564232e-01   9.3599367e-01
  -5.1566636e-01   9.3240228e-01
  -4.9994871e-01   9.3880443e-01
  -5.1391833e-01   9.4840651e-01
  -5.1319163e-01   9.4834849e-01
  -5.0702341e-01   9.4713410e-01
  -5.1031578e-01   9.4789646e-01
  -5.1513265e-01   9.4827428e-01
  -4.9374238e-01   9.5713360e-01
  -5.1643282e-01   9.6414449e-01
  -5.0918306e-01   9.5884776e-01
  -4.9610014e-01   9.6401820e-01
  -5.1190197e-01   9.5877013e-01
  -5.0744778e-01   9.5694822e-01
  -5.1485543e-01   9.6437870e-01
  -4.9719187e-01   9.6108951e-01
  -5.0760027e-01   9.6284823e-01
  -5.0237091e-01   9.6975908e-01
  -4.9424298e-01   9.5852606e-01
  -4.9977491e-01   9.6516127e-01
  -5.0646663e-01   9.7133506e-01
  -5.0997832e-01   9.6487586e-01
  -5.0409439e-01   9.7162482e-01
  -4.9248097e-01   9.6284236e-01
  -5.1595832e-01   9.7074985e-01
  -5.0431113e-01   9.6557153e-01
  -4.9574549e-01   9.6634018e-01
  -5.1006157e-01   9.6921680e-01
  -5.0853169e-01   9.7121192e-01
  -5.1209536e-01   9.7371499e-01
  -5.0135991e-01   9.7011915e-01
  -5.1376091e-01   9.6392942e-01
  -5.0932268e-01   9.6701676e-01
  -5.0367451e-01   9.6296439e-01
  -4.9299695e-01   9.6347506e-01
  -5.0611662e-01   9.7362959e-01
  -5.1046373e-01   9.6939864e-01
  -5.1245642e-01   9.7251563e-01
  -5.1424783e-01   9.7095477e-01
  -8.3264295e-01   9.7220431e-01
  -8.3004497e-01   9.6659107e-01
  -8.3339205e-01   9.9934761e-01
  -8.3818308e-01   1.0548936e+00
  -8.3306877e-01   1.1241076e+00
  -8.3859404e-01   1.2030550e+00
  -8.4866068e-01   1.2969034e+00
  -8.4131590e-01   1.3852146e+00
  -8.4043464e-01   1.4703007e+00
  -8.3200035e-01   1.5602981e+00
  -8.4314172e-01   1.6480507e+00
  -8.4689080e-01   1.7283589e+00
  -8.4873648e-01   1.8063759e+00
  -8.3728116e-01   1.8742568e+00
  -8.4746790e-01   1.9388971e+00
  -8.3020067e-01   1.9944815e+00
  -8.3312894e-01   2.0484145e+00
  -8.4071338e-01   2.1061207e+00
  -8.4890862e-01   2.1580404e+00
  -8.3859763e-01   2.1995415e+00
  -8.3882234e-01   2.2378606e+00
  -8.2757405e-01   2.2605482e+00
  -8.3233695e-01   2.3024835e+00
  -8.3698587e-01   2.3209064e+00
  -8.4022810e-01   2.3476885e+00
  -8.3179038e-01   2.3756501e+00
  -8.3436241e-01   2.3854078e+00
  -8.3051595e-01   2.4106700e+00
  -8.4826631e-01   2.4208422e+00
  -8.5108928e-01   2.4431416e+00
  -8.4534917e-01   2.4555455e+00
  -8.4655416e-01   2.4689763e+00
  -8.4586601e-01   2.4697059e+00
  -8.4538700e-01   2.4855495e+00
  -8.3182263e-01   2.4838356e+00
  -8.2824439e-01   2.4957377e+00
  -8.3887741e-01   2.5057690e+00
  -8.3126949e-01   2.5030242e+00
  -8.2926034e-01   2.5094979e+00
  -8.5116170e-01   2.5180096e+00
  -8.3551115e-01   2.5209353e+00
  -8.3444159e-01   2.5252032e+00
  -8.3216318e-01   2.5317252e+00
  -8.4812550e-01   2.5262043e+00
  -8.3273767e-01   2.5340256e+00
  -8.3400175e-01   2.5364437e+00
  -8.4284271e-01   2.5381698e+00
  -8.3376976e-01   2.5420835e+00
  -8.3717890e-01   2.5382405e+00
  -8.3201352e-01   2.5356460e+00
  -8.4354935e-01   2.5452567e+00
  -8.3280988e-01   2.5383788e+00
  -8.4901096e-01   2.5336674e+00
  -8.4755063e-01   2.5456770e+00
  -8.4914501e-01   2.5434327e+00
  -8.3814786e-01   2.5424690e+00
  -8.3132933e-01   2.5452624e+00
  -8.4853298e-01   2.5420479e+00
  -8.4824721e-01   2.5445237e+00
  -8.3572032e-01   2.5451720e+00
  -8.4706724e-01   2.5386824e+00
  -8.4830410e-01   2.5503729e+00
  -8.4503686e-01   2.5454880e+00
  -8.2920789e-01   2.5400821e+00
  -8.4558615e-01   2.5509067e+00
  -8.4090782e-01   2.5390194e+00
  -8.3886281e-01   2.5474894e+00
  -8.3476493e-01   2.5416290e+00
  -8.3581654e-01   2.5432981e+00
  -1.1233833e-01   2.5412416e+00
  -1.1341206e-01   2.5444948e+00
  -1.0535457e-01   2.4985784e+00
  -9.1841056e-02   2.4032502e+00
  -1.0237060e-01   2.2987501e+00
  -1.0975006e-01   2.1743816e+00
  -9.8200905e-02   2.0459489e+00
  -1.1420880e-01   1.8968009e+00
  -9.1135355e-02   1.7700279e+00
  -9.9219943e-02   1.6345140e+00
  -1.1171310e-01   1.4974097e+00
  -1.1034531e-01   1.3702110e+00
  -1.0609408e-01   1.2646890e+00
  -1.0657906e-01   1.1505395e+00
  -1.0822234e-01   1.0526205e+00
  -1.0614336e-01   9.4848519e-01
  -9.4323569e-02   8.6503249e-01
  -9.6428676e-02   7.8313237e-01
  -1.0188483e-01   7.2239542e-01
  -1.1150172e-01   6.5032631e-01
  -1.0900207e-01   5.8952690e-01
  -9.8780716e-02   5.3779443e-01
  -1.1280043e-01   4.8662474e-01
  -1.1445278e-01   4.4354404e-01
  -1.0927894e-01   4.1774858e-01
  -9.4259205e-02   3.7895981e-01
  -9.1728736e-02   3.4113223e-01
  -9.7137284e-02   3.1245386e-01
  -9.4304783e-02   2.9817385e-01
  -9.4946140e-02   2.7936618e-01
  -9.6447471e-02   2.5971594e-01
  -9.6494616e-02   2.3278574e-01
  -1.0612816e-01   2.2416604e-01
  -1.1156846e-01   2.0689895e-01
  -9.7129834e-02   1.9507302e-01
  -1.0061068e-01   1.8516003e-01
  -1.0054522e-01   1.7905991e-01
  -1.0180092e-01   1.6562392e-01
  -1.0013126e-01   1.5983253e-01
  -1.1212040e-01   1.4882236e-01
  -1.0453060e-01   1.5165126e-01
  -1.0170601e-01   1.3928731e-01
  -1.0474494e-01   1.3797969e-01
  -1.0376243e-01   1.3216448e-01
  -9.5771690e-02   1.3716429e-01
  -9.1126604e-02   1.3473248e-01
  -1.0095350e-01   1.3201143e-01
  -1.0519159e-01   1.1934783e-01
  -1.0737521e-01   1.2875236e-01
  -1.0893932e-01   1.1687501e-01
  -1.0174578e-01   1.1501585e-01
  -1.1319661e-01   1.2377453e-01
  -1.0838591e-01   1.1395910e-01
  -9.1521093e-02   1.1387906e-01
  -9.5825506e-02   1.0961841e-01
  -9.2919665e-02   1.1064273e-01
  -1.0383588e-01   1.2082062e-01
  -1.0874551e-01   1.1753306e-01
  -1.0474994e-01   1.1763187e-01
  -1.0089737e-01   1.1224396e-01
  -9.4292756e-02   1.1825939e-01
  -1.0219173e-01   1.1648910e-01
  -9.1779029e-02   1.0934850e-01
  -1.1267558e-01   1.1667207e-01
  -9.3216247e-02   1.0687254e-01
  -9.6483617e-02   1.0598762e-01
  -1.0693655e-01   1.1560158e-01
  -1.1102949e-01   1.1253822e-01
  -9.0817277e-02   1.1504015e-01
   7.4575222e-01   1.1173628e-01
   7.3270822e-01   1.1509461e-01
   7.4571324e-01   3.6722521e-02
   7.3164597e-01  -1.0374717e-01
   7.4226089e-01  -2.8122435e-01
   7.4211950e-01  -4.7159287e-01
   7.2551506e-01  -6.8602446e-01
   7.4392098e-01  -9.0204067e-01
   7.3956498e-01  -1.1189225e+00
   7.4424505e-01  -1.3325249e+00
   7.3513384e-01  -1.5422080e+00
   7.3914567e-01  -1.7410927e+00
   7.2730171e-01  -1.9250769e+00
   7.2670818e-01  -2.0971349e+00
   7.2720757e-01  -2.2602564e+00
   7.4213768e-01  -2.4135534e+00
   7.3276108e-01  -2.5378430e+00
   7.4295619e-01  -2.6651870e+00
   7.4074618e-01  -2.7864128e+00
   7.2562386e-01  -2.8866038e+00
   7.3220264e-01  -2.9734428e+00
   7.4502089e-01  -3.0617794e+00
   7.4092421e-01  -3.1423999e+00
   7.3342752e-01  -3.2091324e+00
   7.2656089e-01  -3.2638041e+00
   7.4377807e-01  -3.3218488e+00
   7.2601616e-01  -3.3662031e+00
   7.3039302e-01  -3.4092348e+00
   7.4733862e-01  -3.4491814e+00
   7.4796611e-01  -3.4904906e+00
   7.4438405e-01  -3.5190314e+00
   7.2822479e-01  -3.5481552e+00
   7.3722436e-01  -3.5619538e+00
   7.3701417e-01  -3.5908501e+00
   7.3245560e-01  -3.6025834e+00
   7.3307558e-01  -3.6240841e+00
   7.3306531e-01  -3.6454000e+00
   7.3109901e-01  -3.6584517e+00
   7.3710354e-01  -3.6602567e+00
   7.3195782e-01  -3.6728563e+00
   7.3734196e-01  -3.6762388e+00
   7.4310272e-01  -3.6833180e+00
   7.2879586e-01  -3.6962923e+00
   7.4401524e-01  -3.7071969e+00
   7.4586261e-01  -3.7073898e+00
   7.4405092e-01  -3.7151397e+00
   7.3242267e-01  -3.7146542e+00
   7.3359561e-01  -3.7128784e+00
   7.4865728e-01  -3.7197941e+00
   7.3813915e-01  -3.7301208e+00
   7.4889524e-01  -3.7295993e+00
   7.2675576e-01  -3.7226608e+00
   7.2730263e-01  -3.7372096e+00
   7.2936199e-01  -3.7330321e+00
   7.3292076e-01  -3.7328094e+00
   7.3540842e-01  -3.7378286e+00
   7.4250013e-01  -3.7417517e+00
   7.2634081e-01  -3.7380723e+00
   7.2931261e-01  -3.7432392e+00
   7.4790028e-01  -3.7341535e+00
   7.2669880e-01  -3.7453531e+00
   7.3664405e-01  -3.7429298e+00
   7.3436710e-01  -3.7433580e+00
   7.3425251e-01  -3.7470051e+00
   7.2827007e-01  -3.7432591e+00
   7.3388879e-01  -3.7464280e+00
   7.3159271e-01  -3.7418550e+00
   7.2804720e-01  -3.7443417e+00
   7.2928774e-01  -3.7394246e+00
  -4.3264139e-01  -3.7355308e+00
  -4.2983656e-01  -3.7377647e+00
  -4.2772214e-01  -3.6515846e+00
  -4.1558673e-01  -3.4900112e+00
  -4.2416487e-01  -3.2943772e+00
  -4.3090930e-01  -3.0693219e+00
  -4.1331555e-01  -2.8260725e+00
  -4.2026518e-01  -2.5740238e+00
  -4.3010163e-01  -2.3141794e+00
  -4.3212257e-01  -2.0656293e+00
  -4.2012107e-01  -1.8293179e+00
  -4.2784153e-01  -1.6109765e+00
  -4.1954127e-01  -1.3882824e+00
  -4.2756945e-01  -1.1928524e+00
  -4.2227084e-01  -1.0048608e+00
  -4.2374272e-01  -8.3530468e-01
  -4.1583095e-01  -6.7503141e-01
  -4.2250852e-01  -5.2685764e-01
  -4.2982168e-01  -3.9567203e-01
  -4.1814208e-01  -2.8790406e-01
  -4.1838796e-01  -1.6959205e-01
  -4.2773685e-01  -7.9460659e-02
  -4.1534863e-01   1.1826697e-02
  -4.2781476e-01   8.7128675e-02
  -4.2580091e-01   1.5440247e-01
  -4.2346185e-01   2.2676164e-01
  -4.2328081e-01   2.7663067e-01
  -4.1359753e-01   3.2348549e-01
  -4.2304423e-01   3.6658671e-01
  -4.2679822e-01   4.1018363e-01
  -4.3161000e-01   4.5200195e-01
  -4.1503069e-01   4.7226593e-01
  -4.3508989e-01   5.0198904e-01
  -4.2400546e-01   5.3376067e-01
  -4.1578445e-01   5.5669852e-01
  -4.3382896e-01   5.7811896e-01
  -4.1144010e-01   5.8566803e-01
  -4.3505474e-01   6.0254453e-01
  -4.1648062e-01   6.1740059e-01
  -4.3331978e-01   6.3037663e-01
  -4.1459095e-01   6.4021131e-01
  -4.2831403e-01   6.4511687e-01
  -4.2150226e-01   6.5727777e-01
  -4.2751542e-01   6.5747347e-01
  -4.2461285e-01   6.7174884e-01
  -4.2399033e-01   6.7052542e-01
  -4.2880750e-01   6.7445105e-01
  -4.3360724e-01   6.7553052e-01
  -4.2807238e-01   6.8405827e-01
  -4.1190307e-01   6.9327710e-01
  -4.3273927e-01   6.9566627e-01
  -4.1635288e-01   6.9907473e-01
  -4.1668021e-01   6.9057676e-01
  -4.3229346e-01   6.9938860e-01
  -4.3458525e-01   7.0229610e-01
  -4.2695991e-01   6.9699981e-01
  -4.2893649e-01   6.9969923e-01
  -4.2162985e-01   7.0844005e-01
  -4.2195232e-01   7.0021213e-01
  -4.2446755e-01   7.1142304e-01
  -4.2983484e-01   7.0317384e-01
  -4.1175223e-01   7.0521051e-01
  -4.3396700e-01   7.0446364e-01
  -4.1410095e-01   7.0746278e-01
  -4.1246960e-01   7.0288449e-01
  -4.2779862e-01   7.1077711e-01
  -4.2119318e-01   7.1220126e-01
  -4.1543811e-01   7.0149784e-01
  -4.2968098e-01   7.1465918e-01
  -8.6821312e-01   7.0459920e-01
  -8.7213468e-01   7.1314728e-01
  -8.7960345e-01   7.4415798e-01
  -8.7174026e-01   8.2425698e-01
  -8.8598144e-01   9.1629692e-01
  -8.7895416e-01   1.0186693e+00
  -8.6349088e-01   1.1286221e+00
  -8.6829785e-01   1.2544540e+00
  -8.7609319e-01   1.3618164e+00
  -8.8501535e-01   1.4733148e+00
  -8.8670404e-01   1.5928507e+00
  -8.7960474e-01   1.6915407e+00
  -8.7165888e-01   1.7880687e+00
  -8.7970813e-01   1.8884134e+00
  -8.6427410e-01   1.9643167e+00
  -8.7518262e-01   2.0425966e+00
  -8.7769673e-01   2.1133484e+00
  -8.7007468e-01   2.1877361e+00
  -8.6555363e-01   2.2512981e+00
  -8.8525653e-01   2.2976385e+00
  -8.6453012e-01   2.3504126e+00
  -8.8731273e-01   2.3949327e+00
  -8.6554577e-01   2.4396859e+00
  -8.6977338e-01   2.4681988e+00
  -8.8364187e-01   2.5068297e+00
  -8.7229913e-01   2.5277595e+00
  -8.7106388e-01   2.5608424e+00
  -8.6557424e-01   2.5802533e+00
  -8.7282595e-01   2.5992181e+00
  -8.7778944e-01   2.6260038e+00
  -8.6439533e-01   2.6381072e+00
  -8.7795102e-01   2.6515274e+00
  -8.7933265e-01   2.6650136e+00
  -8.6473213e-01   2.6796246e+00
  -8.8490524e-01   2.6835971e+00
  -8.8111609e-01   2.6971047e+00
  -8.7247067e-01   2.6967002e+00
  -8.6604112e-01   2.7022090e+00
  -8.8645771e-01   2.7175251e+00
  -8.7591148e-01   2.7126117e+00
  -8.6895838e-01   2.7282788e+00
  -8.8383450e-01   2.7248940e+00
  -8.8350266e-01   2.7282901e+00
  -8.8083625e-01   2.7284816e+00
  -8.7112951e-01   2.7339009e+00
  -8.7780580e-01   2.7378129e+00
  -8.7046000e-01   2.7367488e+00
  -8.7281030e-01   2.7364400e+00
  -8.6683713e-01   2.7429498e+00
  -8.6551598e-01   2.7452086e+00
  -8.7959615e-01   2.7510953e+00
  -8.8607347e-01   2.7487349e+00
  -8.6578866e-01   2.7438265e+00
  -8.7270429e-01   2.7525354e+00
  -8.8580386e-01   2.7537252e+00
  -8.7342216e-01   2.7475367e+00
  -8.6857658e-01   2.7567037e+00
  -8.7836422e-01   2.7532416e+00
  -8.8528590e-01   2.7538052e+00
  -8.6355956e-01   2.7495895e+00
  -8.6829653e-01   2.7525973e+00
  -8.8096388e-01   2.7596728e+00
  -8.7579905e-01   2.7486852e+00
  -8.7896134e-01   2.7592849e+00
  -8.7329650e-01   2.7533159e+00
  -8.7710952e-01   2.7574392e+00
  -8.6841301e-01   2.7509899e+00
  -8.6694952e-01   2.7485507e+00
  -8.6483143e-01   2.7505261e+00
   4.4854316e-01   2.7550704e+00
   4.4683894e-01   2.7508634e+00
   4.4795928e-01   2.6748234e+00
   4.5196142e-01   2.5395456e+00
   4.5260879e-01   2.3708988e+00
   4.4521097e-01   2.1678976e+00
   4.3865717e-01   1.9636782e+00
   4.3979040e-01   1.7356690e+00
   4.3768638e-01   1.5220908e+00
   4.4471615e-01   1.3079002e+00
   4.3949276e-01   1.1072542e+00
   4.4772993e-01   9.0374405e-01
   4.5602652e-01   7.2205298e-01
   4.4893525e-01   5.5793658e-01
   4.5329431e-01   3.8606074e-01
   4.4617918e-01   2.4398393e-01
   4.3905077e-01   1.0871190e-01
   4.5230973e-01  -2.3577054e-02
   4.4642481e-01  -1.3742556e-01
   4.4698362e-01  -2.3509853e-01
   4.5848604e-01  -3.2889551e-01
   4.4010626e-01  -4.0768534e-01
   4.5819783e-01  -4.8814993e-01
   4.5672578e-01  -5.6006247e-01
   4.4027692e-01  -6.0737462e-01
   4.5279665e-01  -6.6760451e-01
   4.4924097e-01  -7.2280737e-01
   4.5860139e-01  -7.6493103e-01
   4.5024926e-01  -7.9299425e-01
   4.3651328e-01  -8.3244362e-01
   4.5913606e-01  -8.6020288e-01
   4.5524987e-01  -8.8735910e-01
   4.5161898e-01  -9.1400409e-01
   4.3788503e-01  -9.3575667e-01
   4.4736554e-01  -9.5541537e-01
   4.3606375e-01  -9.6537454e-01
   4.4086946e-01  -9.7920841e-01
   4.5059146e-01  -1.0038352e+00
   4.4524227e-01  -1.0138605e+00
   4.4616956e-01  -1.0233239e+00
   4.4699499e-01  -1.0215492e+00
   4.4298437e-01  -1.0309719e+00
   4.5536098e-01  -1.0399635e+00
   4.5578670e-01  -1.0431024e+00
   4.4502395e-01  -1.0486838e+00
   4.4117301e-01  -1.0566107e+00
   4.4493595e-01  -1.0560904e+00
   4.5115372e-01  -1.0705943e+00
   4.5510787e-01  -1.0725440e+00
   4.4803327e-01  -1.0712173e+00
   4.4618977e-01  -1.0795277e+00
   4.3761655e-01  -1.0783360e+00
   4.4940184e-01  -1.0707481e+00
   4.3931188e-01  -1.0834599e+00
   4.4088355e-01  -1.0866093e+00
   4.4185997e-01  -1.0811776e+00
   4.4629200e-01  -1.0800641e+00
   4.3764992e-01  -1.0894518e+00
   4.5410808e-01  -1.0863109e+00
   4.4929793e-01  -1.0804586e+00
   4.5687446e-01  -1.0831308e+00
   4.3764719e-01  -1.0866443e+00
   4.5204753e-01  -1.0807633e+00
   4.4230021e-01  -1.0821024e+00
   4.5249799e-01  -1.0848617e+00
   4.4250979e-01  -1.0819699e+00
   4.3775357e-01  -1.0897369e+00
   4.3839661e-01  -1.0867774e+00
   4.4484502e-01  -1.0943406e+00
  -1.1134161e-01  -1.0896002e+00
  -1.2598904e-01  -1.0817772e+00
  -1.1012520e-01  -1.0682656e+00
  -1.2249922e-01  -1.0257352e+00
  -1.2217568e-01  -9.7384753e-01
  -1.1308519e-01  -9.0193280e-01
  -1.1391963e-01  -8.3341445e-01
  -1.1684834e-01  -7.7157705e-01
  -1.0476440e-01  -7.0227043e-01
  -1.0516137e-01  -6.3376392e-01
  -1.0863754e-01  -5.7094636e-01
  -1.2291013e-01  -5.0405222e-01
  -1.1420527e-01  -4.4531695e-01
  -1.0792272e-01  -3.8767095e-01
  -1.2421328e-01  -3.4638297e-01
  -1.1592558e-01  -3.0240457e-01
  -1.1522457e-01  -2.6013681e-01
  -1.1235356e-01  -2.2026401e-01
  -1.0907600e-01  -1.8379720e-01
  -1.1753532e-01  -1.4737014e-01
  -1.1800988e-01  -1.1994524e-01
  -1.0612485e-01  -8.4949515e-02
  -1.1730808e-01  -7.1645290e-02
  -1.2389849e-01  -4.5173839e-02
  -1.0701234e-01  -2.5790891e-02
  -1.1083623e-01  -8.7723762e-03
  -1.1635404e-01   2.4732614e-04
  -1.0964146e-01   2.0581714e-02
  -1.2686988e-01   3.2970490e-02
  -1.0863516e-01   4.6242565e-02
  -1.2040266e-01   5.2238701e-02
  -1.2065579e-01   6.2595198e-02
  -1.2635136e-01   7.4303485e-02
  -1.1268953e-01   6.8359809e-02
  -1.2170947e-01   7.4951403e-02
  -1.0644599e-01   8.5025663e-02
  -1.0684979e-01   8.8739509e-02
  -1.1896848e-01   1.0063836e-01
  -1.2428347e-01   1.0405158e-01
  -1.1287118e-01   9.6963951e-02
  -1.1156561e-01   1.0633288e-01
  -1.1102740e-01   1.0355924e-01
  -1.0646262e-01   1.0983784e-01
  -1.2215184e-01   1.0879973e-01
  -1.1347000e-01   1.1317919e-01
  -1.0901835e-01   1.1403883e-01
  -1.0934480e-01   1.0836705e-01
  -1.0867964e-01   1.2109211e-01
  -1.0661987e-01   1.2230951e-01
  -1.2623842e-01   1.1526514e-01
  -1.2586407e-01   1.1909128e-01
  -1.2410439e-01   1.2198325e-01
  -1.1840515e-01   1.2111240e-01
  -1.1162371e-01   1.1428911e-01
  -1.2030021e-01   1.2258009e-01
  -1.1530454e-01   1.2102225e-01
  -1.0583931e-01   1.1802262e-01
  -1.1592255e-01   1.2475362e-01
  -1.0674171e-01   1.2889505e-01
  -1.2420077e-01   1.1813604e-01
  -1.2246314e-01   1.2900354e-01
  -1.1864507e-01   1.1665103e-01
  -1.1573856e-01   1.1902875e-01
  -1.1368523e-01   1.2678752e-01
  -1.2078016e-01   1.2201516e-01
  -1.1947528e-01   1.2990651e-01
  -1.2492448e-01   1.2003015e-01
  -1.2182615e-01   1.2111466e-01
  -1.2498908e-01   1.2590069e-01
   3.9250333e-01   1.2029971e-01
   4.0076177e-01   1.2283405e-01
   4.0159361e-01   1.0191552e-01
   4.1389508e-01   7.2953991e-02
   3.9235168e-01   2.2856702e-02
   4.1096428e-01  -3.4310084e-02
   4.1079418e-01  -8.2829161e-02
   4.0649282e-01  -1.3966007e-01
   4.1097767e-01  -2.0129737e-01
   3.9121331e-01  -2.5164779e-01
   4.0809744e-01  -3.0977018e-01
   3.9371627e-01  -3.5273586e-01
   3.9325523e-01  -3.9701429e-01
   3.9118876e-01  -4.5194094e-01
   3.9955790e-01  -4.8676127e-01
   4.0778372e-01  -5.2794274e-01
   4.1224638e-01  -5.6672721e-01
   4.0678291e-01  -5.8765270e-01
   3.9272673e-01  -6.2665965e-01
   4.0779513e-01  -6.4468974e-01
   3.9683789e-01  -6.6810657e-01
   3.9386121e-01  -7.0176999e-01
   4.1297795e-01  -7.1030989e-01
   3.9219111e-01  -7.2818979e-01
   4.0267877e-01  -7.5148047e-01
   4.1093232e-01  -7.6092934e-01
   3.9213040e-01  -7.6988171e-01
   3.9743518e-01  -7.8768682e-01
   4.1053297e-01  -7.9932995e-01
   4.0658570e-01  -8.0682565e-01
   4.1394173e-01  -8.2012907e-01
   3.9522978e-01  -8.1376993e-01
   4.0320938e-01  -8.3046929e-01
   4.0403272e-01  -8.2805457e-01
   3.9450551e-01  -8.3284270e-01
   4.0097601e-01  -8.4578386e-01
   4.0487137e-01  -8.4249914e-01
   4.0304218e-01  -8.4849291e-01
   3.9880652e-01  -8.5498477e-01
   4.0887894e-01  -8.5168928e-01
   4.0596939e-01  -8.5423705e-01
   3.9695975e-01  -8.5780275e-01
   4.1218189e-01  -8.6480628e-01
   3.9190181e-01  -8.6063432e-01
   4.0837482e-01  -8.5578259e-01
   3.9456078e-01  -8.6133330e-01
   3.9972454e-01  -8.7069769e-01
   3.9959525e-01  -8.6117568e-01
   3.9283388e-01  -8.6041169e-01
   4.0432066e-01  -8.6470067e-01
   4.1164180e-01  -8.6625730e-01
   3.9377324e-01  -8.7043718e-01
   3.9932920e-01  -8.6368288e-01
   3.9322511e-01  -8.7089518e-01
   4.0200859e-01  -8.7223741e-01
   4.1449783e-01  -8.7241511e-01
   4.1381538e-01  -8.6406142e-01
   4.1054015e-01  -8.6462697e-01
   4.1110935e-01  -8.7212238e-01
   3.9809391e-01  -8.6537330e-01
   4.0036816e-01  -8.6726461e-01
   4.0161951e-01  -8.6910060e-01
   4.1179069e-01  -8.6758955e-01
   3.9383154e-01  -8.6465944e-01
   4.1075188e-01  -8.6667344e-01
   4.1433925e-01  -8.7775306e-01
   3.9795896e-01  -8.7356768e-01
   3.9386200e-01  -8.7844445e-01
   3.9507360e-01  -8.7118833e-01
  -3.4955973e-01  -8.7591528e-01
  -3.6778380e-01  -8.7014002e-01
  -3.5525077e-01  -8.4924812e-01
  -3.5282042e-01  -7.8954965e-01
  -3.5037837e-01  -7.3721767e-01
  -3.4719197e-01  -6.5972716e-01
  -3.4823268e-01  -5.8559527e-01
  -3.4738051e-01  -5.0371966e-01
  -3.4992980e-01  -4.1568191e-01
  -3.6027547e-01  -3.4514086e-01
  -3.5439668e-01  -2.6805472e-01
  -3.6417524e-01  -2.0421284e-01
  -3.5192966e-01  -1.3104319e-01
  -3.4990234e-01  -6.8511417e-02
  -3.6099229e-01  -1.4420193e-02
  -3.4975884e-01   4.0951388e-02
  -3.5711640e-01   9.0887825e-02
  -3.5118025e-01   1.4672889e-01
  -3.6033645e-01   1.8206287e-01
  -3.6700483e-01   2.2103187e-01
  -3.5259862e-01   2.4731409e-01
  -3.5628856e-01   2.8491549e-01
  -3.4703518e-01   3.1149799e-01
  -3.6649485e-01   3.3144174e-01
  -3.6001723e-01   3.5907499e-01
  -3.6309242e-01   3.8208075e-01
  -3.6127721e-01   3.9327452e-01
  -3.4801149e-01   4.1083178e-01
  -3.5575937e-01   4.3238399e-01
  -3.5736167e-01   4.4299014e-01
  -3.4686028e-01   4.5561376e-01
  -3.6590094e-01   4.5707115e-01
  -3.5559965e-01   4.6654865e-01
  -3.4946276e-01   4.7854766e-01
  -3.4879637e-01   4.8338840e-01
  -3.5373512e-01   4.9255535e-01
  -3.6311012e-01   4.9587204e-01
  -3.6799606e-01   5.0457987e-01
  -3.4417513e-01   5.0545215e-01
  -3.6767018e-01   5.0533082e-01
  -3.5310565e-01   5.0366622e-01
  -3.6161829e-01   5.0918403e-01
  -3.6644403e-01   5.1937816e-01
  -3.5153620e-01   5.1920903e-01
  -3.5311920e-01   5.2028199e-01
  -3.5539862e-01   5.1568761e-01
  -3.4486478e-01   5.3002553e-01
  -3.4492518e-01   5.2781342e-01
  -3.5806231e-01   5.1865486e-01
  -3.6684837e-01   5.2812750e-01
  -3.5540939e-01   5.2518747e-01
  -3.5082342e-01   5.2278037e-01
  -3.4911597e-01   5.2452755e-01
  -3.6523683e-01   5.3402241e-01
  -3.6114394e-01   5.3058727e-01
  -3.6234260e-01   5.2439912e-01
  -3.4468391e-01   5.2578034e-01
  -3.5973981e-01   5.3262831e-01
  -3.5500471e-01   5.2496326e-01
  -3.6697533e-01   5.3220666e-01
  -3.4699917e-01   5.2674619e-01
  -3.4854736e-01   5.2633714e-01
  -3.4478375e-01   5.3019470e-01
  -3.5479571e-01   5.2878884e-01
  -3.6270828e-01   5.2748627e-01
  -3.5640496e-01   5.3743113e-01
  -3.6468143e-01   5.3124980e-01
  -3.5262945e-01   5.3088809e-01
  -3.5645104e-01   5.3142938e-01
   7.4684094e-01   5.3106349e-01
   7.3474627e-01   5.3191868e-01
   7.5293528e-01   4.5059905e-01
   7.3231965e-01   2.9606786e-01
   7.4265604e-01   9.8284898e-02
   7.4076654e-01  -1.3203219e-01
   7.5472696e-01  -3.6580548e-01
   7.3163697e-01  -6.2017640e-01
   7.3202454e-01  -8.7036570e-01
   7.5345896e-01  -1.1031984e+00
   7.3784786e-01  -1.3400031e+00
   7.4073175e-01  -1.5564072e+00
   7.4048489e-01  -1.7737380e+00
   7.3145781e-01  -1.9740130e+00
   7.3758612e-01  -2.1520313e+00
   7.5263553e-01  -2.3238646e+00
   7.3793390e-01  -2.4696798e+00
   7.3349781e-01  -2.6058984e+00
   7.3368980e-01  -2.7390285e+00
   7.4596517e-01  -2.8624445e+00
   7.4046934e-01  -2.9580904e+00
   7.4193939e-01  -3.0633743e+00
   7.3510029e-01  -3.1383633e+00
   7.5089480e-01  -3.2166609e+00
   7.4734732e-01  -3.2837386e+00
   7.3974629e-01  -3.3530347e+00
   7.3598123e-01  -3.4085136e+00
   7.3143979e-01  -3.4588035e+00
   7.4381092e-01  -3.4973032e+00
   7.3416611e-01  -3.5355214e+00
   7.5129575e-01  -3.5746537e+00
   7.4663117e-01  -3.5975657e+00
   7.5037290e-01  -3.6317218e+00
   7.5338491e-01  -3.6525592e+00
   7.3529014e-01  -3.6770751e+00
   7.5113652e-01  -3.6948284e+00
   7.3712138e-01  -3.7118920e+00
   7.3949180e-01  -3.7297627e+00
   7.4915571e-01  -3.7366131e+00
   7.3426686e-01  -3.7513206e+00
   7.5308191e-01  -3.7652394e+00
   7.3802031e-01  -3.7669994e+00
   7.4363606e-01  -3.7734189e+00
   7.3669151e-01  -3.7787286e+00
   7.3213320e-01  -3.7811900e+00
   7.3514279e-01  -3.7977146e+00
   7.3386819e-01  -3.7956307e+00
   7.4544066e-01  -3.8052724e+00
   7.3832317e-01  -3.8026123e+00
   7.3390972e-01  -3.8101783e+00
   7.3867608e-01  -3.8157139e+00
   7.4066596e-01  -3.8177267e+00
   7.5296211e-01  -3.8177277e+00
   7.3322102e-01  -3.8171488e+00
   7.5080416e-01  -3.8227932e+00
   7.5382338e-01  -3.8211666e+00
   7.5225326e-01  -3.8153587e+00
   7.4596004e-01  -3.8230933e+00
   7.3517987e-01  -3.8180704e+00
   7.3867406e-01  -3.8191255e+00
   7.3307308e-01  -3.8268467e+00
   7.4122026e-01  -3.8259272e+00
   7.4181689e-01  -3.8256252e+00
   7.4857003e-01  -3.8221739e+00
   7.3983502e-01  -3.8210777e+00
   7.4028462e-01  -3.8236903e+00
   7.5525168e-01  -3.8295046e+00
   7.3316016e-01  -3.8230081e+00
   7.4628186e-01  -3.8339842e+00
   6.8341500e-01  -3.8236423e+00
   6.6197581e-01  -3.8315571e+00
   6.6312460e-01  -3.8115718e+00
   6.8230465e-01  -3.7832149e+00
   6.7192220e-01  -3.7330820e+00
   6.7354474e-01  -3.6883118e+00
   6.7492264e-01  -3.6480099e+00
   6.6182852e-01  -3.5962110e+00
   6.6593029e-01  -3.5392489e+00
   6.7950124e-01  -3.4921272e+00
   6.7646563e-01  -3.4401090e+00
   6.6480751e-01  -3.4055197e+00
   6.6309417e-01  -3.3586908e+00
   6.6672527e-01  -3.3232368e+00
   6.8009475e-01  -3.2745236e+00
   6.8002388e-01  -3.2481830e+00
   6.6214774e-01  -3.2079584e+00
   6.7570011e-01  -3.1817965e+00
   6.8449177e-01  -3.1522036e+00
   6.7671417e-01  -3.1339109e+00
   6.6290987e-01  -3.1166779e+00
   6.8450834e-01  -3.0920763e+00
   6.7960074e-01  -3.0725169e+00
   6.6880121e-01  -3.0622221e+00
   6.7255603e-01  -3.0528420e+00
   6.6812288e-01  -3.0386859e+00
   6.8286562e-01  -3.0284002e+00
   6.6874227e-01  -3.0095197e+00
   6.7952264e-01  -2.9987536e+00
   6.7019233e-01  -2.9968518e+00
   6.6622651e-01  -2.9952577e+00
   6.8044115e-01  -2.9848507e+00
   6.6716108e-01  -2.9835721e+00
   6.7806075e-01  -2.9680972e+00
   6.7983229e-01  -2.9649928e+00
   6.7056395e-01  -2.9628952e+00
   6.7700229e-01  -2.9593970e+00
   6.6478676e-01  -2.9522322e+00
   6.7849940e-01  -2.9488341e+00
   6.7631501e-01  -2.9471229e+00
   6.6168174e-01  -2.9524212e+00
   6.8558444e-01  -2.9429984e+00
   6.8223963e-01  -2.9501815e+00
   6.6271108e-01  -2.9479720e+00
   6.8273606e-01  -2.9393629e+00
   6.8139761e-01  -2.9474508e+00
   6.6795295e-01  -2.9419834e+00
   6.8045722e-01  -2.9387065e+00
   6.7190207e-01  -2.9390782e+00
   6.7744080e-01  -2.9441373e+00
   6.6360838e-01  -2.9399228e+00
   6.7399790e-01  -2.9357506e+00
   6.6220798e-01  -2.9372399e+00
   6.8038187e-01  -2.9349660e+00
   6.6625387e-01  -2.9447477e+00
   6.7717253e-01  -2.9323541e+00
   6.6182667e-01  -2.9436356e+00
   6.7986827e-01  -2.9432278e+00
   6.6487879e-01  -2.9422113e+00
   6.7527916e-01  -2.9388145e+00
   6.8193692e-01  -2.9405215e+00
   6.8427338e-01  -2.9395292e+00
   6.8052390e-01  -2.9402689e+00
   6.7886674e-01  -2.9429500e+00
   6.7982823e-01  -2.9378333e+00
   6.8137127e-01  -2.9318853e+00
   6.6451703e-01  -2.9399264e+00
   6.7438728e-01  -2.9404689e+00
   6.7577530e-01  -2.9348124e+00
   2.6692173e-01  -2.9329580e+00
   2.6261380e-01  -2.9309921e+00
   2.7375025e-01  -2.8869289e+00
   2.6153490e-01  -2.7893629e+00
   2.5397193e-01  -2.6755686e+00
   2.5452108e-01  -2.5504344e+00
   2.5579654e-01  -2.4056810e+00
   2.6183371e-01  -2.2651703e+00
   2.5758621e-01  -2.1285647e+00
   2.6720651e-01  -1.9784029e+00
   2.7390355e-01  -1.8412463e+00
   2.5795174e-01  -1.7211315e+00
   2.6242711e-01  -1.6028055e+00
   2.5347255e-01  -1.4842488e+00
   2.7097805e-01  -1.3836136e+00
   2.7212252e-01  -1.2765238e+00
   2.6872635e-01  -1.1846251e+00
   2.6369395e-01  -1.1110300e+00
   2.5392148e-01  -1.0352689e+00
   2.6924252e-01  -9.6567996e-01
   2.5439388e-01  -9.0248182e-01
   2.5712216e-01  -8.4388204e-01
   2.5942367e-01  -8.0290208e-01
   2.6433423e-01  -7.5500694e-01
   2.5902864e-01  -7.1256509e-01
   2.5547176e-01  -6.8319232e-01
   2.5847441e-01  -6.4810300e-01
   2.7155451e-01  -6.1152580e-01
   2.5645169e-01  -5.8537712e-01
   2.5363288e-01  -5.6407305e-01
   2.5155157e-01  -5.5195677e-01
   2.5709584e-01  -5.3062527e-01
   2.7189956e-01  -5.1681176e-01
   2.5666317e-01  -5.0387419e-01
   2.5995369e-01  -4.9066726e-01
   2.6301689e-01  -4.8270003e-01
   2.5743645e-01  -4.7147180e-01
   2.6108935e-01  -4.5808020e-01
   2.6216945e-01  -4.4698185e-01
   2.6475426e-01  -4.5056151e-01
   2.5547891e-01  -4.3884305e-01
   2.6324319e-01  -4.3965555e-01
   2.5668894e-01  -4.3082003e-01
   2.7030527e-01  -4.2232602e-01
   2.6943631e-01  -4.3082033e-01
   2.5573398e-01  -4.1599613e-01
   2.6670973e-01  -4.2248193e-01
   2.6824901e-01  -4.1175220e-01
   2.6505354e-01  -4.1100289e-01
   2.7054522e-01  -4.0764217e-01
   2.7240073e-01  -4.0846927e-01
   2.7461356e-01  -4.1111251e-01
   2.5921113e-01  -4.1001397e-01
   2.6834465e-01  -4.1000647e-01
   2.5595511e-01  -4.0468792e-01
   2.6437914e-01  -4.1266944e-01
   2.7137198e-01  -4.1064072e-01
   2.6225040e-01  -3.9758248e-01
   2.5837950e-01  -3.9848107e-01
   2.5521856e-01  -4.0780496e-01
   2.5678075e-01  -4.0510306e-01
   2.6439963e-01  -4.0127817e-01
   2.6669812e-01  -4.0192461e-01
   2.6427841e-01  -4.0596904e-01
   2.6685900e-01  -4.0568991e-01
   2.7233865e-01  -4.0789539e-01
   2.6655431e-01  -4.0272376e-01
   2.6475683e-01  -4.0540254e-01
   2.6416686e-01  -3.9861367e-01
   6.7685116e-03  -4.0526676e-01
  -1.4346766e-02  -4.0649107e-01
  -1.1763759e-03  -3.9703303e-01
  -1.0712737e-02  -3.7652002e-01
  -4.5251791e-03  -3.5802096e-01
  -9.9765205e-03  -3.3979195e-01
  -1.2293371e-02  -3.2036013e-01
   6.5459530e-03  -2.9790624e-01
  -3.9122845e-03  -2.6772101e-01
   4.2484187e-03  -2.4629592e-01
   5.5912880e-03  -2.2830373e-01
  -9.0123456e-03  -2.0320446e-01
  -1.2627150e-02  -1.8937625e-01
   8.7360161e-03  -1.6750603e-01
  -8.5837684e-03  -1.5409746e-01
   6.5829615e-03  -1.3909811e-01
   7.0241995e-03  -1.2661213e-01
  -5.9762106e-03  -1.0993250e-01
  -8.4917371e-03  -9.7136995e-02
  -6.1833271e-03  -8.2040538e-02
   4.1184420e-03  -8.3448892e-02
   3.0310321e-03  -6.2946210e-02
  -1.1820573e-02  -5.8211631e-02
   5.7456830e-04  -5.2057008e-02
  -1.2712538e-02  -5.0415329e-02
   4.8664167e-03  -3.4661736e-02
  -7.4037431e-03  -2.9109638e-02
  -4.2412584e-03  -3.8130671e-02
   1.6158878e-03  -2.2760890e-02
  -8.8776985e-03  -2.1137825e-02
  -1.1549582e-03  -1.4960994e-02
  -6.2365781e-03  -2.0438432e-02
  -4.4043546e-03  -1.2195702e-02
  -7.6089582e-03  -1.4334948e-02
  -8.9048673e-03  -1.3382166e-02
  -1.1951438e-02  -1.5536534e-02
   5.5721722e-04  -9.3957100e-03
  -1.3112364e-02  -4.8483167e-03
  -1.1620618e-02  -4.0434321e-03
  -2.4786191e-03  -3.2861536e-04
  -4.1943104e-03  -2.0392477e-03
   8.1627628e-03   3.7369152e-03
   7.6923974e-03  -7.7934710e-04
  -5.3867475e-03   5.3971118e-03
   8.3298091e-03   2.1583144e-03
  -6.8079220e-03  -3.9798741e-03
  -1.0262615e-02   3.6438601e-03
  -2.6040534e-03  -2.5102530e-03
  -1.3336119e-02   1.9313942e-03
  -9.2214885e-03   5.2117135e-03
   6.6575425e-03   6.9721834e-03
   7.2978276e-03  -1.2160535e-03
  -6.8265059e-03  -3.5262268e-03
   2.1384736e-03  -4.3741384e-03
  -8.6656020e-03  -3.6011651e-03
   8.9952177e-03   6.9403239e-03
   6.1413684e-03  -2.4296844e-03
   4.8444192e-04   4.9983539e-03
  -1.2457577e-02   4.5058820e-03
   6.5192014e-03   7.8832611e-03
  -2.0454956e-03   9.2037073e-03
  -7.1748107e-03  -2.9927290e-03
  -9.6813206e-03   7.3066589e-03
   5.3171779e-03   3.4973576e-03
   7.3586728e-04   5.4319719e-04
  -2.3967640e-03   7.2983716e-03
   9.5969735e-04  -1.4798447e-03
  -1.0939146e-02   8.6922348e-03
  -4.2592048e-03  -1.9160601e-03
   7.7905946e-01   2.1171600e-03
   7.7363391e-01   8.0553145e-03
   7.8958830e-01  -8.9013041e-02
   7.8445425e-01  -2.4189705e-01
   7.7612986e-01  -4.4361865e-01
   7.8592308e-01  -6.5583913e-01
   7.8410192e-01  -9.0782801e-01
   7.8916648e-01  -1.1540202e+00
   7.6822058e-01  -1.4033397e+00
   7.8872513e-01  -1.6381703e+00
   7.8678405e-01  -1.8791261e+00
   7.8281121e-01  -2.1043535e+00
   7.7074692e-01  -2.3147344e+00
   7.8252617e-01  -2.5065449e+00
   7.8179159e-01  -2.6953328e+00
   7.7724240e-01  -2.8590641e+00
   7.7194902e-01  -3.0090079e+00
   7.8980276e-01  -3.1602164e+00
   7.8536379e-01  -3.2858503e+00
   7.9055526e-01  -3.3990958e+00
   7.6888104e-01  -3.5015533e+00
   7.6992907e-01  -3.5983415e+00
   7.8825169e-01  -3.6887884e+00
   7.6877833e-01  -3.7673550e+00
   7.7432502e-01  -3.8343927e+00
   7.7341786e-01  -3.8921923e+00
   7.7024148e-01  -3.9598727e+00
   7.8121054e-01  -3.9960807e+00
   7.8102896e-01  -4.0439054e+00
   7.7217957e-01  -4.0824634e+00
   7.8782677e-01  -4.1142041e+00
   7.8239275e-01  -4.1529666e+00
   7.7611238e-01  -4.1746693e+00
   7.7734745e-01  -4.2008995e+00
   7.8226447e-01  -4.2254799e+00
   7.7266641e-01  -4.2375232e+00
   7.8229357e-01  -4.2542666e+00
   7.6816961e-01  -4.2780825e+00
   7.8349334e-01  -4.2795874e+00
   7.8458929e-01  -4.2955477e+00
   7.6843214e-01  -4.3086748e+00
   7.8665764e-01  -4.3168611e+00
   7.7652675e-01  -4.3292230e+00
   7.8517302e-01  -4.3307849e+00
   7.8888157e-01  -4.3342028e+00
   7.8493693e-01  -4.3389450e+00
   7.8268610e-01  -4.3442406e+00
   7.6945016e-01  -4.3454667e+00
   7.7463723e-01  -4.3525572e+00
   7.9168255e-01  -4.3582212e+00
   7.8265580e-01  -4.3648018e+00
   7.8483181e-01  -4.3631991e+00
   7.9037384e-01  -4.3702138e+00
   7.7026162e-01  -4.3606111e+00
   7.7830139e-01  -4.3650236e+00
   7.7817972e-01  -4.3692757e+00
   7.8159697e-01  -4.3737503e+00
   7.7211727e-01  -4.3735874e+00
   7.8601884e-01  -4.3655257e+00
   7.8942641e-01  -4.3778904e+00
   7.8195458e-01  -4.3664739e+00
   7.7813431e-01  -4.3746206e+00
   7.8338983e-01  -4.3798668e+00
   7.8207222e-01  -4.3687738e+00
   7.8270794e-01  -4.3793163e+00
   7.8473502e-01  -4.3771993e+00
   7.7741700e-01  -4.3685959e+00
   7.7204762e-01  -4.3745626e+00
   7.7878397e-01  -4.3789943e+00
   4.0952586e-01  -4.3728827e+00
   4.0402410e-01  -4.3738332e+00
   4.0325433e-01  -4.3086844e+00
   3.9486485e-01  -4.1816676e+00
   4.0180731e-01  -4.0165782e+00
   4.0731250e-01  -3.8459106e+00
   3.9477168e-01  -3.6412728e+00
   4.0628113e-01  -3.4412910e+00
   3.9430718e-01  -3.2461337e+00
   3.9558137e-01  -3.0591119e+00
   3.9259237e-01  -2.8608213e+00
   3.8812271e-01  -2.6784187e+00
   4.0994335e-01  -2.5139028e+00
   3.9484154e-01  -2.3508900e+00
   3.9837887e-01  -2.2035019e+00
   3.9470979e-01  -2.0729021e+00
   4.0936525e-01  -1.9552897e+00
   3.9554678e-01  -1.8366708e+00
   4.0233975e-01  -1.7345110e+00
   3.8942397e-01  -1.6351035e+00
   4.0596172e-01  -1.5564377e+00
   3.9151197e-01  -1.4734360e+00
   4.0286753e-01  -1.4069141e+00
   4.0604054e-01  -1.3490509e+00
   3.9616662e-01  -1.2848541e+00
   3.9445477e-01  -1.2446947e+00
   3.9847507e-01  -1.1975550e+00
   3.9984086e-01  -1.1581478e+00
   3.9426309e-01  -1.1153564e+00
   4.0839452e-01  -1.0866810e+00
   4.0853968e-01  -1.0546459e+00
   4.0696018e-01  -1.0402745e+00
   3.9392247e-01  -1.0171595e+00
   3.8963019e-01  -9.9513439e-01
   4.0249120e-01  -9.7529955e-01
   3.8894608e-01  -9.6189811e-01
   4.0942857e-01  -9.4398818e-01
   4.0269300e-01  -9.3705368e-01
   3.9501600e-01  -9.2697390e-01
   3.9990084e-01  -9.1188688e-01
   3.8820018e-01  -9.1458329e-01
   4.0185715e-01  -8.9826137e-01
   3.9701690e-01  -8.9046356e-01
   3.8674563e-01  -8.9700997e-01
   4.0491965e-01  -8.7954390e-01
   3.9036378e-01  -8.7871110e-01
   4.0847697e-01  -8.7931709e-01
   4.0974795e-01  -8.7528790e-01
   3.8984911e-01  -8.7437370e-01
   4.0246974e-01  -8.7132016e-01
   4.0110834e-01  -8.6797445e-01
   3.9002393e-01  -8.7224305e-01
   4.0003599e-01  -8.6439038e-01
   4.0065958e-01  -8.6892663e-01
   4.0516612e-01  -8.6509973e-01
   3.8939639e-01  -8.6629644e-01
   4.0216025e-01  -8.5335092e-01
   4.0935801e-01  -8.5231083e-01
   3.8859707e-01  -8.5578961e-01
   3.9833508e-01  -8.5317556e-01
   4.0593244e-01  -8.5218989e-01
   3.8728503e-01  -8.5824861e-01
   3.9469252e-01  -8.5245930e-01
   3.8780884e-01  -8.6013521e-01
   3.9481821e-01  -8.5899707e-01
   3.9333835e-01  -8.4810977e-01
   3.9940941e-01  -8.5949932e-01
   4.0039687e-01  -8.5528926e-01
   4.0429408e-01  -8.6115667e-01
   8.5547900e-01  -8.4870190e-01
   8.6013726e-01  -8.4962843e-01
   8.5500662e-01  -9.5566580e-01
   8.4781762e-01  -1.1220554e+00
   8.4925165e-01  -1.3334757e+00
   8.5449423e-01  -1.5703184e+00
   8.3776873e-01  -1.8379810e+00
   8.4681495e-01  -2.1048627e+00
   8.4553493e-01  -2.3637583e+00
   8.5267640e-01  -2.6281590e+00
   8.5193353e-01  -2.8791509e+00
   8.6020009e-01  -3.1223263e+00
   8.5518320e-01  -3.3552808e+00
   8.5500846e-01  -3.5672422e+00
   8.5182917e-01  -3.7650353e+00
   8.4996721e-01  -3.9418898e+00
   8.6152386e-01  -4.1067134e+00
   8.4126927e-01  -4.2590283e+00
   8.4548264e-01  -4.4014800e+00
   8.4074717e-01  -4.5320191e+00
   8.5429904e-01  -4.6393732e+00
   8.4680825e-01  -4.7511435e+00
   8.5228370e-01  -4.8439180e+00
   8.4879990e-01  -4.9259317e+00
   8.5694363e-01  -4.9899777e+00
   8.5915019e-01  -5.0574581e+00
   8.3934324e-01  -5.1167536e+00
   8.4749695e-01  -5.1735455e+00
   8.4824804e-01  -5.2225033e+00
   8.4311813e-01  -5.2629802e+00
   8.5173986e-01  -5.3072521e+00
   8.5677540e-01  -5.3292270e+00
   8.5653215e-01  -5.3668768e+00
   8.4956994e-01  -5.3872676e+00
   8.6147526e-01  -5.4186618e+00
   8.5137246e-01  -5.4280265e+00
   8.6101297e-01  -5.4581942e+00
   8.5665705e-01  -5.4641969e+00
   8.4390120e-01  -5.4816838e+00
   8.5030197e-01  -5.4983473e+00
   8.5677799e-01  -5.5010853e+00
   8.3770930e-01  -5.5179405e+00
   8.4791068e-01  -5.5149682e+00
   8.5583916e-01  -5.5225635e+00
   8.5168502e-01  -5.5339513e+00
   8.3875340e-01  -5.5480469e+00
   8.5189964e-01  -5.5425931e+00
   8.4711265e-01  -5.5458607e+00
   8.5414373e-01  -5.5606100e+00
   8.5064598e-01  -5.5546158e+00
   8.4193806e-01  -5.5545689e+00
   8.4659888e-01  -5.5685334e+00
   8.4761444e-01  -5.5612551e+00
   8.4358155e-01  -5.5718227e+00
   8.3782113e-01  -5.5706121e+00
   8.5772281e-01  -5.5669024e+00
   8.5172649e-01  -5.5715947e+00
   8.5528725e-01  -5.5780246e+00
   8.5237128e-01  -5.5669199e+00
   8.5315445e-01  -5.5801201e+00
   8.5323450e-01  -5.5715138e+00
   8.5040114e-01  -5.5738874e+00
   8.6018395e-01  -5.5702967e+00
   8.4842248e-01  -5.5786017e+00
   8.5635280e-01  -5.5707082e+00
   8.4417724e-01  -5.5811133e+00
   8.5988084e-01  -5.5770595e+00
   8.4393966e-01  -5.5738198e+00
   8.6155949e-01  -5.5837399e+00
   2.5083690e-01  -5.5807437e+00
   2.4647192e-01  -5.5797606e+00
   2.4789473e-01  -5.4743393e+00
   2.5434966e-01  -5.2969017e+00
   2.6042892e-01  -5.0570588e+00
   2.6115190e-01  -4.7966758e+00
   2.5816287e-01  -4.4985041e+00
   2.5364732e-01  -4.2059700e+00
   2.5038698e-01  -3.9139275e+00
   2.4157930e-01  -3.6318855e+00
   2.5032719e-01  -3.3506742e+00
   2.6422104e-01  -3.0866344e+00
   2.6372001e-01  -2.8339288e+00
   2.4513968e-01  -2.6010888e+00
   2.4457175e-01  -2.3845619e+00
   2.5551924e-01  -2.1819726e+00
   2.6325976e-01  -1.9908972e+00
   2.4828851e-01  -1.8236236e+00
   2.6447503e-01  -1.6712585e+00
   2.5861019e-01  -1.5379928e+00
   2.5993017e-01  -1.4133710e+00
   2.5854922e-01  -1.2913242e+00
   2.4998666e-01  -1.1932692e+00
   2.6059071e-01  -1.1003503e+00
   2.6164902e-01  -1.0197110e+00
   2.6289574e-01  -9.4172945e-01
   2.4860839e-01  -8.8689453e-01
   2.5699338e-01  -8.2042904e-01
   2.4831753e-01  -7.7005332e-01
   2.5792740e-01  -7.2779339e-01
   2.5412556e-01  -6.7923372e-01
   2.5585138e-01  -6.4732508e-01
   2.5571808e-01  -6.1670531e-01
   2.4843487e-01  -5.9069406e-01
   2.5586197e-01  -5.6665129e-01
   2.5771095e-01  -5.4186432e-01
   2.5622906e-01  -5.1732542e-01
   2.6075858e-01  -5.0360285e-01
   2.5807797e-01  -4.8788235e-01
   2.5908863e-01  -4.6978526e-01
   2.4728199e-01  -4.5884659e-01
   2.5982191e-01  -4.5483406e-01
   2.5992248e-01  -4.4672418e-01
   2.5142150e-01  -4.2639622e-01
   2.6039430e-01  -4.2936586e-01
   2.4984383e-01  -4.2681753e-01
   2.5707507e-01  -4.1839102e-01
   2.6163426e-01  -4.0730411e-01
   2.4898499e-01  -4.0921760e-01
   2.6223975e-01  -4.0191514e-01
   2.5134112e-01  -3.9313894e-01
   2.5190786e-01  -3.9214101e-01
   2.5757209e-01  -3.8852626e-01
   2.4849280e-01  -3.9689258e-01
   2.5124964e-01  -3.9259171e-01
   2.4422975e-01  -3.9459113e-01
   2.6351486e-01  -3.7968398e-01
   2.5613203e-01  -3.9054991e-01
   2.4646797e-01  -3.8693597e-01
   2.5811885e-01  -3.7932193e-01
   2.5290206e-01  -3.8744140e-01
   2.6333325e-01  -3.7876578e-01
   2.5827545e-01  -3.8739322e-01
   2.6280538e-01  -3.7885251e-01
   2.4414848e-01  -3.7441062e-01
   2.6446806e-01  -3.8001573e-01
   2.4144552e-01  -3.7595623e-01
   2.4446815e-01  -3.7857061e-01
   2.4176677e-01  -3.8021771e-01
   4.0346646e-01  -3.7861391e-01
   4.0530314e-01  -3.7613858e-01
   3.9573163e-01  -3.8874406e-01
   4.0309444e-01  -4.1009173e-01
   3.9863171e-01  -4.2608461e-01
   4.0253115e-01  -4.5404489e-01
   3.9833708e-01  -4.7041470e-01
   3.8564615e-01  -4.9300952e-01
   4.0313880e-01  -5.1903936e-01
   4.0586211e-01  -5.4588991e-01
   4.0002858e-01  -5.6924253e-01
   3.9813124e-01  -5.9398972e-01
   3.9046357e-01  -6.1548308e-01
   4.0113282e-01  -6.3932687e-01
   3.8330910e-01  -6.5529901e-01
   3.9314171e-01  -6.7680587e-01
   4.0259972e-01  -6.9707093e-01
   3.9939675e-01  -7.0490948e-01
   3.9958996e-01  -7.2326395e-01
   4.0502307e-01  -7.3602440e-01
   4.0622463e-01  -7.5353823e-01
   3.8967632e-01  -7.5585063e-01
   4.0159757e-01  -7.6448763e-01
   4.0563526e-01  -7.7378162e-01
   3.9611956e-01  -7.7853890e-01
   3.8337828e-01  -7.9078876e-01
   4.0583291e-01  -8.0070280e-01
   3.9029962e-01  -7.9777044e-01
   4.0551943e-01  -7.9944941e-01
   4.0369813e-01  -8.1046365e-01
   3.9726014e-01  -8.1195986e-01
   3.8888545e-01  -8.1182896e-01
   3.9532884e-01  -8.1117314e-01
   3.8850711e-01  -8.2399336e-01
   4.0297290e-01  -8.2497107e-01
   4.0547505e-01  -8.2249074e-01
   3.9178844e-01  -8.2941117e-01
   3.9940654e-01  -8.2347988e-01
   4.0631576e-01  -8.2490853e-01
   3.8909603e-01  -8.2824957e-01
   4.0434636e-01  -8.3073319e-01
   3.9496873e-01  -8.3886993e-01
   3.9082905e-01  -8.3142784e-01
   3.8677519e-01  -8.3854780e-01
   4.0245385e-01  -8.3286576e-01
   3.8769919e-01  -8.3711190e-01
   3.8473962e-01  -8.3149638e-01
   4.0230190e-01  -8.3397176e-01
   3.9463699e-01  -8.4099712e-01
   3.9392259e-01  -8.4238817e-01
   4.0596543e-01  -8.3259470e-01
   3.9514621e-01  -8.3698335e-01
   3.8561511e-01  -8.3358977e-01
   4.0555989e-01  -8.3229655e-01
   3.9507253e-01  -8.3092845e-01
   3.8844518e-01  -8.4086955e-01
   4.0507563e-01  -8.4354096e-01
   3.8799830e-01  -8.4101169e-01
   3.8732525e-01  -8.4263392e-01
   4.0708710e-01  -8.4165888e-01
   4.0010785e-01  -8.3490308e-01
   3.9666682e-01  -8.4246504e-01
   3.8559079e-01  -8.3793642e-01
   3.8366629e-01  -8.4290481e-01
   3.8537277e-01  -8.3326902e-01
   3.9348633e-01  -8.4449844e-01
   3.8399496e-01  -8.4409597e-01
   3.9673883e-01  -8.4313833e-01
   3.9647306e-01  -8.3883651e-01
   5.7432784e-01  -8.3675813e-01
   5.6407641e-01  -8.4422845e-01
   5.7192173e-01  -8.5290174e-01
   5.7207681e-01  -9.0232825e-01
   5.7554058e-01  -9.4618433e-01
   5.5451798e-01  -9.9277959e-01
   5.6534538e-01  -1.0511385e+00
   5.5643362e-01  -1.1087617e+00
   5.7493279e-01  -1.1613361e+00
   5.6363563e-01  -1.2295616e+00
   5.5270420e-01  -1.2859588e+00
   5.5354596e-01  -1.3373228e+00
   5.6328930e-01  -1.3766255e+00
   5.5808540e-01  -1.4344017e+00
   5.6783917e-01  -1.4678597e+00
   5.5312875e-01  -1.5097903e+00
   5.6099367e-01  -1.5410240e+00
   5.5490648e-01  -1.5786662e+00
   5.6741863e-01  -1.6148381e+00
   5.5414250e-01  -1.6320257e+00
   5.7391896e-01  -1.6603739e+00
   5.6668190e-01  -1.6887597e+00
   5.6771551e-01  -1.7089451e+00
   5.6124125e-01  -1.7205382e+00
   5.6749382e-01  -1.7415347e+00
   5.7626961e-01  -1.7579134e+00
   5.6695088e-01  -1.7653310e+00
   5.6514954e-01  -1.7796444e+00
   5.5808527e-01  -1.7877692e+00
   5.6942031e-01  -1.8059359e+00
   5.5906362e-01  -1.8127636e+00
   5.6772099e-01  -1.8173236e+00
   5.6568401e-01  -1.8162302e+00
   5.5353985e-01  -1.8226051e+00
   5.6934639e-01  -1.8334999e+00
   5.7549384e-01  -1.8409774e+00
   5.7285249e-01  -1.8337209e+00
   5.7202961e-01  -1.8447588e+00
   5.5783159e-01  -1.8403467e+00
   5.6321153e-01  -1.8537977e+00
   5.7489032e-01  -1.8464089e+00
   5.5382256e-01  -1.8593502e+00
   5.5430059e-01  -1.8547263e+00
   5.7572398e-01  -1.8573676e+00
   5.7560311e-01  -1.8631816e+00
   5.6930652e-01  -1.8620060e+00
   5.5679707e-01  -1.8653395e+00
   5.6464038e-01  -1.8625807e+00
   5.6328384e-01  -1.8643856e+00
   5.7368514e-01  -1.8645774e+00
   5.7564504e-01  -1.8585755e+00
   5.5599529e-01  -1.8647312e+00
   5.6220626e-01  -1.8604192e+00
   5.6649271e-01  -1.8654216e+00
   5.5349766e-01  -1.8684245e+00
   5.6132257e-01  -1.8629180e+00
   5.5246742e-01  -1.8699727e+00
   5.5512658e-01  -1.8681397e+00
   5.6002558e-01  -1.8730358e+00
   5.7073879e-01  -1.8732908e+00
   5.5821091e-01  -1.8643596e+00
   5.6369188e-01  -1.8634857e+00
   5.7166163e-01  -1.8730764e+00
   5.6605079e-01  -1.8649089e+00
   5.5700316e-01  -1.8669910e+00
   5.6965818e-01  -1.8632537e+00
   5.5700967e-01  -1.8724813e+00
   5.7485745e-01  -1.8687155e+00
   5.6542648e-01  -1.8647001e+00
  -1.3903437e-01  -1.8727862e+00
  -1.4449103e-01  -1.8618150e+00
  -1.4074801e-01  -1.8238643e+00
  -1.3480351e-01  -1.7550323e+00
  -1.3458673e-01  -1.6614842e+00
  -1.5641011e-01  -1.5635409e+00
  -1.3503254e-01  -1.4413244e+00
  -1.5508707e-01  -1.3377754e+00
  -1.3863804e-01  -1.2128821e+00
  -1.5178757e-01  -1.1067382e+00
  -1.5032404e-01  -9.9047160e-01
  -1.4971497e-01  -8.9827716e-01
  -1.5561122e-01  -7.9153946e-01
  -1.5505618e-01  -7.1097629e-01
  -1.4794303e-01  -6.2530901e-01
  -1.4442702e-01  -5.4407899e-01
  -1.4874811e-01  -4.7198550e-01
  -1.3593061e-01  -3.9971783e-01
  -1.3639856e-01  -3.4636956e-01
  -1.5539913e-01  -2.9214937e-01
  -1.3413821e-01  -2.4718827e-01
  -1.5445110e-01  -1.9651566e-01
  -1.5138427e-01  -1.5405703e-01
  -1.5030435e-01  -1.2690093e-01
  -1.3710194e-01  -9.5612670e-02
  -1.4248096e-01  -6.0525183e-02
  -1.3605772e-01  -3.8240732e-02
  -1.3924479e-01  -1.2558454e-02
  -1.5253239e-01   1.2043504e-02
  -1.4555018e-01   2.2275291e-02
  -1.4371104e-01   4.2969628e-02
  -1.4127311e-01   4.9451952e-02
  -1.5419707e-01   6.5473842e-02
  -1.4097699e-01   8.5131799e-02
  -1.5167850e-01   8.4698676e-02
  -1.4134715e-01   9.7070956e-02
  -1.4333626e-01   1.1093183e-01
  -1.3571139e-01   1.1278208e-01
  -1.3513482e-01   1.1496033e-01
  -1.3774082e-01   1.1958511e-01
  -1.4536293e-01   1.3165051e-01
  -1.4236897e-01   1.3355694e-01
  -1.3931697e-01   1.3169611e-01
  -1.4006820e-01   1.4178011e-01
  -1.4543409e-01   1.4759036e-01
  -1.5242982e-01   1.4889408e-01
  -1.3699819e-01   1.4562705e-01
  -1.4436453e-01   1.4719903e-01
  -1.4495377e-01   1.5695641e-01
  -1.4262016e-01   1.5639183e-01
  -1.5342344e-01   1.5071741e-01
  -1.5043297e-01   1.5223020e-01
  -1.4668762e-01   1.5673253e-01
  -1.4957318e-01   1.5633251e-01
  -1.4395187e-01   1.6315986e-01
  -1.5647493e-01   1.5482767e-01
  -1.3578024e-01   1.5610898e-01
  -1.4619231e-01   1.5870141e-01
  -1.4964208e-01   1.5536847e-01
  -1.5161475e-01   1.5665144e-01
  -1.5586277e-01   1.6271995e-01
  -1.4188511e-01   1.6619304e-01
  -1.5749426e-01   1.5833763e-01
  -1.5683141e-01   1.5368038e-01
  -1.5430778e-01   1.5859583e-01
  -1.4326146e-01   1.5614156e-01
  -1.3766371e-01   1.6011766e-01
  -1.4339088e-01   1.6603107e-01
  -1.5631004e-01   1.6481501e-01
  -2.1820176e-01   1.5541866e-01
  -2.0780440e-01   1.6093338e-01
  -2.1154323e-01   1.6930707e-01
  -2.1504283e-01   1.6199467e-01
  -2.0694971e-01   1.7694312e-01
  -2.2294634e-01   1.7987873e-01
  -2.1105417e-01   1.8169895e-01
  -2.1372737e-01   1.8592694e-01
  -2.1032024e-01   1.8958849e-01
  -2.2303985e-01   1.9276304e-01
  -2.2095255e-01   1.9780394e-01
  -2.2638621e-01   2.0660951e-01
  -2.1265843e-01   2.0625787e-01
  -2.1244226e-01   2.1338942e-01
  -2.2011874e-01   2.1693335e-01
  -2.2329441e-01   2.2492221e-01
  -2.1816022e-01   2.3228251e-01
  -2.0386804e-01   2.3477972e-01
  -2.0881830e-01   2.4070465e-01
  -2.1908643e-01   2.3634082e-01
  -2.0902892e-01   2.3881461e-01
  -2.1103409e-01   2.3406541e-01
  -2.0812532e-01   2.4952002e-01
  -2.1121587e-01   2.4474554e-01
  -2.1323129e-01   2.4963795e-01
  -2.0463365e-01   2.4991974e-01
  -2.2467302e-01   2.4820607e-01
  -2.2653219e-01   2.4997744e-01
  -2.1063736e-01   2.4892278e-01
  -2.2583923e-01   2.5763534e-01
  -2.2351189e-01   2.4929078e-01
  -2.1307249e-01   2.5506692e-01
  -2.2023561e-01   2.5099229e-01
  -2.1018508e-01   2.4936233e-01
  -2.1204431e-01   2.5112045e-01
  -2.0998108e-01   2.4991209e-01
  -2.1450279e-01   2.5148303e-01
  -2.0606738e-01   2.5739438e-01
  -2.1464897e-01   2.5957610e-01
  -2.1931567e-01   2.6118287e-01
  -2.2512288e-01   2.5186677e-01
  -2.2248528e-01   2.5184158e-01
  -2.2171601e-01   2.5685645e-01
  -2.2334935e-01   2.6188910e-01
  -2.0915924e-01   2.5145725e-01
  -2.1503815e-01   2.5807397e-01
  -2.2545672e-01   2.5960782e-01
  -2.1881359e-01   2.5086615e-01
  -2.2178862e-01   2.6302959e-01
  -2.1180613e-01   2.5475097e-01
  -2.2181529e-01   2.5945052e-01
  -2.1354625e-01   2.6154009e-01
  -2.2279061e-01   2.6346654e-01
  -2.2644012e-01   2.5950435e-01
  -2.1970324e-01   2.6315326e-01
  -2.2142041e-01   2.5428674e-01
  -2.0338441e-01   2.5498592e-01
  -2.2050159e-01   2.5308404e-01
  -2.2658199e-01   2.5436526e-01
  -2.2160545e-01   2.6329968e-01
  -2.0714317e-01   2.5399199e-01
  -2.1900733e-01   2.6183832e-01
  -2.1514083e-01   2.6098622e-01
  -2.1154316e-01   2.5891537e-01
  -2.1447171e-01   2.5564887e-01
  -2.1678336e-01   2.5976008e-01
  -2.2662972e-01   2.5708012e-01
  -2.2554861e-01   2.6295689e-01
  -2.1480312e-01   2.5986689e-01
  -5.5356432e-01   2.5445719e-01
  -5.5881419e-01   2.5450456e-01
  -5.4047771e-01   2.7602412e-01
  -5.5780035e-01   3.0298463e-01
  -5.3856789e-01   3.5118109e-01
  -5.3784451e-01   3.8866584e-01
  -5.5079162e-01   4.3378355e-01
  -5.3742194e-01   4.8899702e-01
  -5.4045452e-01   5.3091019e-01
  -5.4271904e-01   5.8403547e-01
  -5.5431905e-01   6.2980892e-01
  -5.3765125e-01   6.7140182e-01
  -5.5742359e-01   7.1277378e-01
  -5.4119783e-01   7.5085991e-01
  -5.4450154e-01   8.0070420e-01
  -5.4107114e-01   8.2883602e-01
  -5.4234147e-01   8.5760044e-01
  -5.4928226e-01   8.8649420e-01
  -5.4208046e-01   9.1216140e-01
  -5.4515396e-01   9.3119573e-01
  -5.4523100e-01   9.5625082e-01
  -5.4044224e-01   9.8151048e-01
  -5.4076354e-01   9.9968718e-01
  -5.4797880e-01   1.0065268e+00
  -5.5688042e-01   1.0194793e+00
  -5.4653479e-01   1.0285262e+00
  -5.3965920e-01   1.0402663e+00
  -5.3934050e-01   1.0531145e+00
  -5.5881312e-01   1.0580683e+00
  -5.4345247e-01   1.0727887e+00
  -5.5486067e-01   1.0841681e+00
  -5.5903357e-01   1.0778029e+00
  -5.5751857e-01   1.0909268e+00
  -5.4746217e-01   1.0919808e+00
  -5.6055703e-01   1.0973739e+00
  -5.5787548e-01   1.1064491e+00
  -5.5744287e-01   1.1095602e+00
  -5.4650262e-01   1.1045831e+00
  -5.6075275e-01   1.1168096e+00
  -5.5565270e-01   1.1199181e+00
  -5.4538621e-01   1.1146874e+00
  -5.4852079e-01   1.1157349e+00
  -5.4557412e-01   1.1221074e+00
  -5.4690659e-01   1.1160810e+00
  -5.4406154e-01   1.1257889e+00
  -5.4045238e-01   1.1197388e+00
  -5.5191592e-01   1.1274873e+00
  -5.4169116e-01   1.1312252e+00
  -5.4927361e-01   1.1258961e+00
  -5.5538415e-01   1.1294371e+00
  -5.4679026e-01   1.1292794e+00
  -5.5644591e-01   1.1198883e+00
  -5.4238305e-01   1.1246433e+00
  -5.3830879e-01   1.1270303e+00
  -5.3835496e-01   1.1322638e+00
  -5.3927073e-01   1.1258193e+00
  -5.5855890e-01   1.1322625e+00
  -5.4290502e-01   1.1327257e+00
  -5.5987207e-01   1.1263957e+00
  -5.5294907e-01   1.1247599e+00
  -5.4213954e-01   1.1277153e+00
  -5.4382906e-01   1.1309528e+00
  -5.4366885e-01   1.1358004e+00
  -5.5629251e-01   1.1236423e+00
  -5.3853488e-01   1.1265412e+00
  -5.5564087e-01   1.1352869e+00
  -5.4974947e-01   1.1224510e+00
  -5.5199788e-01   1.1286580e+00
  -5.4619322e-01   1.1270173e+00
   9.2680410e-01   1.1245993e+00
   9.3294448e-01   1.1351604e+00
   9.3621387e-01   9.6046155e-01
   9.3299020e-01   6.7212145e-01
   9.2956594e-01   3.0255240e-01
   9.3147546e-01  -1.2108571e-01
   9.3046062e-01  -5.8320351e-01
   9.3613316e-01  -1.0472937e+00
   9.2459079e-01  -1.5291541e+00
   9.3537752e-01  -1.9864766e+00
   9.3114666e-01  -2.4220902e+00
   9.2398566e-01  -2.8531748e+00
   9.2118237e-01  -3.2520805e+00
   9.3531988e-01  -3.6224785e+00
   9.3001601e-01  -3.9685751e+00
   9.2228643e-01  -4.2889660e+00
   9.3085959e-01  -4.5774242e+00
   9.1553979e-01  -4.8506923e+00
   9.2845284e-01  -5.0862703e+00
   9.1927448e-01  -5.3114900e+00
   9.3506375e-01  -5.5076078e+00
   9.1757173e-01  -5.6899027e+00
   9.3423294e-01  -5.8585807e+00
   9.3109934e-01  -5.9968504e+00
   9.3650552e-01  -6.1235832e+00
   9.3636731e-01  -6.2510567e+00
   9.3646930e-01  -6.3491648e+00
   9.1439725e-01  -6.4446314e+00
   9.2380987e-01  -6.5239484e+00
   9.3161177e-01  -6.5945963e+00
   9.1380311e-01  -6.6633085e+00
   9.2555253e-01  -6.7239110e+00
   9.1951376e-01  -6.7709726e+00
   9.1546558e-01  -6.8206314e+00
   9.1646128e-01  -6.8551131e+00
   9.2969584e-01  -6.9009172e+00
   9.2793593e-01  -6.9263191e+00
   9.3314736e-01  -6.9511056e+00
   9.3175194e-01  -6.9865366e+00
   9.2396751e-01  -6.9974157e+00
   9.3066438e-01  -7.0240490e+00
   9.3008942e-01  -7.0445596e+00
   9.3234599e-01  -7.0542334e+00
   9.1412904e-01  -7.0592929e+00
   9.1805682e-01  -7.0807420e+00
   9.2215645e-01  -7.0815107e+00
   9.1381462e-01  -7.0947015e+00
   9.2570999e-01  -7.1005729e+00
   9.2055548e-01  -7.1021018e+00
   9.2262004e-01  -7.1166563e+00
   9.3143630e-01  -7.1216192e+00
   9.2156790e-01  -7.1193166e+00
   9.3525806e-01  -7.1213025e+00
   9.2723789e-01  -7.1318810e+00
   9.2405966e-01  -7.1342809e+00
   9.3664053e-01  -7.1328097e+00
   9.3034637e-01  -7.1382541e+00
   9.2732684e-01  -7.1434555e+00
   9.1606639e-01  -7.1484798e+00
   9.2173627e-01  -7.1455611e+00
   9.3082908e-01  -7.1465959e+00
   9.2356476e-01  -7.1522390e+00
   9.3346203e-01  -7.1437990e+00
   9.2320172e-01  -7.1428546e+00
   9.3626972e-01  -7.1435813e+00
   9.2234721e-01  -7.1441758e+00
   9.2415316e-01  -7.1471352e+00
   9.1541863e-01  -7.1564745e+00
   9.2173838e-01  -7.1532925e+00
   2.2072206e-01  -7.1487964e+00
   2.3704148e-01  -7.1500421e+00
   2.3041960e-01  -7.0180346e+00
   2.3792020e-01  -6.7777512e+00
   2.2701071e-01  -6.4727171e+00
   2.2947491e-01  -6.1199617e+00
   2.1472677e-01  -5.7429247e+00
   2.2619052e-01  -5.3510297e+00
   2.1471529e-01  -4.9619410e+00
   2.2012255e-01  -4.5785913e+00
   2.2680581e-01  -4.2243922e+00
   2.2147634e-01  -3.8711599e+00
   2.3455075e-01  -3.5471938e+00
   2.2714763e-01  -3.2403642e+00
   2.3768133e-01  -2.9449065e+00
   2.3435586e-01  -2.6815717e+00
   2.2162976e-01  -2.4427217e+00
   2.1523842e-01  -2.2240147e+00
   2.3116401e-01  -2.0198705e+00
   2.2192168e-01  -1.8338363e+00
   2.3257137e-01  -1.6726452e+00
   2.2068416e-01  -1.5191584e+00
   2.1581169e-01  -1.3946863e+00
   2.2247114e-01  -1.2669281e+00
   2.2209103e-01  -1.1585027e+00
   2.1973796e-01  -1.0708593e+00
   2.3707281e-01  -9.8527069e-01
   2.2527688e-01  -8.9927090e-01
   2.3475876e-01  -8.3223668e-01
   2.2314463e-01  -7.7483829e-01
   2.2711888e-01  -7.2382442e-01
   2.3174263e-01  -6.6597717e-01
   2.2976223e-01  -6.3593758e-01
   2.2754560e-01  -5.9052380e-01
   2.3190152e-01  -5.5635039e-01
   2.2910834e-01  -5.2709966e-01
   2.2357358e-01  -5.0050669e-01
   2.3316252e-01  -4.7483417e-01
   2.3318066e-01  -4.6087819e-01
   2.2486314e-01  -4.4906383e-01
   2.3049221e-01  -4.3050794e-01
   2.2496194e-01  -4.1235492e-01
   2.2518470e-01  -4.0308824e-01
   2.1743844e-01  -3.8671675e-01
   2.2956291e-01  -3.8515301e-01
   2.2440272e-01  -3.6801721e-01
   2.2875731e-01  -3.6135301e-01
   2.1816076e-01  -3.5621829e-01
   2.3709761e-01  -3.4959769e-01
   2.2891301e-01  -3.4592826e-01
   2.2058831e-01  -3.4871271e-01
   2.3378952e-01  -3.4827648e-01
   2.2524005e-01  -3.3612378e-01
   2.1915842e-01  -3.3225075e-01
   2.1886587e-01  -3.3171092e-01
   2.2380045e-01  -3.3856669e-01
   2.3051168e-01  -3.2534055e-01
  -4.8222034e-01  -3.2236651e-01
