  -3.8639036e-01   6.3666667e-01
  -8.4620664e-01   2.6150770e+00
  -2.0004886e-01   1.6166984e-01
   2.5241264e-01  -4.3950353e-01
   6.9324833e-01  -3.0980551e+00
  -1.9044551e-01   1.6087452e-01
   9.3100783e-01  -7.2063429e+00
  -1.1123527e-01   7.1759447e-02
   1.9558416e-01  -2.9763630e-01
   6.2268802e-01  -2.4500128e+00
  -3.7748118e-01   5.0821488e-01
   2.1539573e-02  -6.2541022e-02
  -3.9261516e-01   5.4247857e-01
   9.1097814e-01  -6.8186706e+00
  -8.6250991e-01   2.6642564e+00
  -2.4226051e-01   2.4453969e-01
  -3.2105173e-01   3.4957747e-01
  -6.1776517e-01   1.4715876e+00
  -1.8867744e-01   2.2888506e-01
   5.1583479e-01  -1.4812742e+00
   7.9877076e-01  -4.6270479e+00
   5.2281782e-01  -1.4907213e+00
  -8.8162560e-02   1.8708083e-01
  -1.3117780e-01   7.7566023e-02
   7.9585086e-01  -4.6039847e+00
   8.3262521e-01  -5.2881281e+00
   4.9334942e-01  -1.2561734e+00
  -1.3801331e-01   1.5072229e-01
  -9.6132756e-01   3.2719159e+00
   3.2424527e-01  -6.2930928e-01
   5.1030216e-01  -1.4693086e+00
   7.4616896e-01  -3.8348033e+00
   1.5942302e-02  -4.6822777e-02
   7.8510535e-01  -4.3654408e+00
  -6.0924028e-02  -4.3831653e-02
  -6.8694961e-02  -3.6096978e-02
  -7.3222290e-01   1.9800413e+00
   4.5500789e-01  -1.2142070e+00
   9.3576937e-01  -7.2914285e+00
  -8.6368892e-01   2.7932958e+00
  -4.7175360e-04   5.9657892e-02
   6.8211527e-01  -3.0812077e+00
   7.6966631e-01  -4.3183003e+00
   5.7736312e-02   8.2640174e-03
  -9.1592810e-01   3.0625475e+00
  -8.9247440e-01   2.8691177e+00
  -4.1783941e-01   7.1252785e-01
  -6.0942396e-01   1.3363261e+00
  -8.0104789e-02   7.1087696e-02
  -3.4195458e-01   4.1433539e-01
   5.9009427e-01  -2.1421462e+00
  -1.2218190e-01   6.9696600e-02
  -6.1205811e-01   1.3053373e+00
  -5.6637485e-01   1.1728096e+00
  -9.3198290e-01   3.0729699e+00
   7.6914820e-01  -4.3090719e+00
  -8.4108539e-01   2.5938571e+00
   8.4751500e-01  -5.6093689e+00
  -9.5012878e-01   3.1220122e+00
  -9.7550186e-01   3.3977427e+00
   5.7325897e-02  -1.2846422e-01
  -7.0695155e-01   1.9265444e+00
   1.2794428e-01  -2.4237850e-01
   9.0213626e-01  -6.5335262e+00
   7.8461403e-01  -4.5238014e+00
   6.8710883e-01  -3.1528275e+00
  -6.3065476e-01   1.4376141e+00
   7.8362539e-01  -4.4892941e+00
   4.7641339e-01  -1.1839568e+00
  -9.2388229e-01   3.1409955e+00
  -6.8108954e-01   1.7549025e+00
   8.7739923e-02  -1.4775978e-01
   4.5312062e-02   1.9224529e-02
  -5.3555883e-02   1.3170287e-01
   9.1934525e-01  -6.9998813e+00
  -1.3915925e-01   9.9226371e-02
  -1.4420014e-01   2.0404309e-01
  -2.0698424e-01   2.4693178e-01
  -3.9197226e-01   5.5958335e-01
  -6.3990089e-01   1.5751444e+00
   5.4500360e-01  -1.6746300e+00
   4.9208280e-01  -1.2613573e+00
   3.4277409e-01  -7.3191693e-01
   7.3058783e-02   2.2840273e-02
  -8.3625967e-01   2.5323246e+00
  -4.4795853e-02   1.4415196e-01
   6.8659893e-01  -3.1819591e+00
   4.0111061e-01  -9.2905601e-01
  -4.9426630e-01   9.0744787e-01
  -5.7616874e-01   1.3258316e+00
  -2.2338193e-01   3.1061299e-01
   5.8920701e-01  -2.0082217e+00
   5.6477476e-01  -1.9731968e+00
   8.2860341e-01  -5.2522926e+00
   4.0571256e-01  -9.4469984e-01
  -4.0865911e-01   6.9793606e-01
  -3.3974206e-01   5.4949158e-01
  -3.9721272e-01   7.3836930e-01
  -2.4905324e-01   3.1622276e-01
   7.7212271e-01  -4.1850911e+00
   3.8851687e-01  -8.5178261e-01
   2.6481283e-01  -3.0993261e-01
   2.9715391e-02  -2.4142441e-02
  -5.8427800e-01   1.1966579e+00
   2.5419428e-01  -3.3840950e-01
  -8.7114979e-01   2.7260066e+00
   6.4768565e-01  -2.6163514e+00
  -9.5908652e-01   3.2781709e+00
  -6.4785027e-01   1.4655769e+00
   9.0697534e-01  -6.8082801e+00
   3.4797137e-01  -7.6214814e-01
   8.0956649e-01  -4.8665799e+00
  -3.9118023e-02   1.1217226e-01
   2.5995240e-02  -1.1311773e-01
   1.7409587e-01  -1.6573161e-01
   5.8326884e-01  -1.9404219e+00
   2.3420918e-01  -2.9774017e-01
  -4.0629461e-01   6.9578256e-01
   4.8557549e-01  -1.3998178e+00
  -9.0213612e-01   2.8645481e+00
  -8.7091850e-02   1.9906309e-01
   5.5217880e-01  -1.7168268e+00
  -1.7947763e-01   1.7626535e-01
   9.6106443e-01  -8.0748305e+00
  -9.4641312e-01   3.2678524e+00
  -2.7690666e-01   3.4895261e-01
   1.6066719e-01  -2.8104466e-01
  -9.7132718e-01   3.2489123e+00
  -3.1803508e-01   5.5416015e-01
   6.4913497e-01  -2.5787461e+00
   3.4965623e-01  -6.8220882e-01
  -5.7426506e-01   1.1676909e+00
   5.3497306e-01  -1.6869076e+00
  -9.7450388e-01   3.4569039e+00
   2.5920354e-01  -3.6605658e-01
   4.6753545e-01  -1.1644519e+00
  -8.4082596e-01   2.5142902e+00
  -3.0603313e-01   5.1457527e-01
   3.3003511e-01  -5.6114677e-01
   7.2262311e-01  -3.6425946e+00
  -2.9254606e-01   3.7545965e-01
  -5.0945032e-01   9.7209772e-01
  -5.6542322e-02   7.9904199e-03
   8.5257350e-01  -5.6704403e+00
  -4.5345414e-01   7.4168389e-01
  -6.8832536e-01   1.6284075e+00
  -2.3989828e-01   1.9417577e-01
  -8.7861258e-01   2.7554569e+00
   6.9572103e-01  -3.2401015e+00
   4.1423525e-01  -8.5724991e-01
  -5.3212397e-01   1.0995487e+00
   4.7026541e-01  -1.1833833e+00
   9.6478251e-01  -8.0111940e+00
  -4.4124038e-01   7.1467246e-01
  -5.4907892e-01   1.1776139e+00
   6.6402476e-02  -1.5283105e-01
  -6.7747128e-01   1.6096296e+00
  -2.6003923e-01   4.2333628e-01
  -5.8521551e-01   1.3471213e+00
   2.2171146e-01  -3.3169582e-01
   1.6231538e-02   6.1255029e-02
  -9.6066099e-01   3.3686565e+00
  -6.4255893e-01   1.4328871e+00
  -2.8635750e-01   4.6609067e-01
  -6.8322179e-01   1.7858217e+00
   2.9679586e-01  -5.7472689e-01
   3.6236413e-01  -7.2081510e-01
  -9.9505380e-01   3.4203377e+00
  -7.2996439e-01   1.9049914e+00
  -7.6475365e-01   2.1557490e+00
  -1.0433766e-01   2.0742649e-01
   5.9219596e-01  -2.0155477e+00
  -5.1298609e-01   1.0178975e+00
  -6.5916555e-01   1.5055747e+00
  -4.7606188e-01   9.3511029e-01
   3.1958017e-01  -4.6752229e-01
   5.4555380e-01  -1.8004452e+00
   2.9199818e-01  -5.2805943e-01
   3.5122874e-01  -5.7448707e-01
  -3.9754049e-01   5.6642059e-01
   2.4025068e-01  -3.0842240e-01
   5.3556307e-01  -1.7547931e+00
   2.6623526e-01  -4.5094255e-01
  -7.8043624e-01   2.1366648e+00
   9.9155177e-01  -8.6944709e+00
   2.9636007e-01  -3.8681435e-01
  -8.2065765e-01   2.4153010e+00
   7.9575297e-02  -1.7170268e-01
   1.3329175e-01  -2.3278580e-01
   5.5404857e-01  -1.7690785e+00
  -2.8803050e-01   3.5807958e-01
   8.8040969e-01  -6.2316677e+00
  -1.7122473e-01   1.9206082e-01
   3.7527079e-01  -7.3186790e-01
   6.6851694e-01  -2.9285416e+00
   2.0130840e-01  -2.3623217e-01
  -5.2165733e-01   9.6536236e-01
   6.0715252e-01  -2.2227187e+00
  -8.9851534e-01   2.8454939e+00
   4.7684983e-01  -1.2307883e+00
