  -5.7800002e-03   3.4738132e-03
  -5.0561258e-03   3.0243568e-03
  -1.3246853e-03  -5.4693319e-03
   9.3646112e-03   3.2286066e-03
   3.1604235e-03  -6.9232686e-03
  -2.9401096e-03   8.0856347e-04
  -9.6519730e-03   3.0909501e-03
   9.6619770e-03  -4.8642760e-04
  -3.0891551e-03  -4.8368098e-03
   1.1267608e-02   2.5131657e-04
   6.9330679e-01   4.4379807e-03
   7.0631682e-01   3.9965815e-03
   6.9393618e-01  -7.0140659e-02
   7.0003193e-01  -1.7713616e-01
   6.9231034e-01  -3.2847261e-01
   7.1121500e-01  -5.0187664e-01
   6.9759163e-01  -6.8281309e-01
   7.0592683e-01  -8.6635089e-01
   6.9480920e-01  -1.0469232e+00
   6.9721565e-01  -1.2265297e+00
   7.0669723e-01  -1.3984494e+00
   7.1274081e-01  -1.5691550e+00
   6.9193350e-01  -1.7283290e+00
   6.9593730e-01  -1.8768956e+00
   6.9463436e-01  -2.0063553e+00
   7.1161570e-01  -2.1304469e+00
   6.9015932e-01  -2.2532290e+00
   6.9303452e-01  -2.3633388e+00
   7.0831989e-01  -2.4569761e+00
   7.0865905e-01  -2.5479709e+00
   6.9721413e-01  -2.6133589e+00
   7.0351392e-01  -2.6977287e+00
   6.9754498e-01  -2.7600786e+00
   7.0479570e-01  -2.8153516e+00
   7.0876816e-01  -2.8616197e+00
   6.9521312e-01  -2.9103146e+00
   6.9000804e-01  -2.9561454e+00
   7.0698068e-01  -2.9853017e+00
   7.1054635e-01  -3.0183267e+00
   7.0325906e-01  -3.0499821e+00
   7.0020682e-01  -3.0752281e+00
   7.0713331e-01  -3.0931108e+00
   7.0562126e-01  -3.1150951e+00
   6.8991265e-01  -3.1329378e+00
   7.0105466e-01  -3.1551974e+00
   6.9115514e-01  -3.1667143e+00
   7.0256947e-01  -3.1832265e+00
   7.1200612e-01  -3.1865444e+00
   7.0231624e-01  -3.2028774e+00
   7.0299434e-01  -3.2092043e+00
   7.0636264e-01  -3.2160138e+00
   6.9688705e-01  -3.2184320e+00
   7.0380932e-01  -3.2316219e+00
   7.0043048e-01  -3.2285531e+00
   7.0157751e-01  -3.2394787e+00
   7.0574575e-01  -3.2401271e+00
   7.0236124e-01  -3.2399480e+00
   6.9397051e-01  -3.2434849e+00
   6.9956540e-01  -3.2509412e+00
   6.9132618e-01  -3.2501660e+00
   7.0438716e-01  -3.2598990e+00
   7.0899306e-01  -3.2572748e+00
   6.9153578e-01  -3.2565978e+00
   6.9086590e-01  -3.2652059e+00
   7.1164755e-01  -3.2675111e+00
   6.9529983e-01  -3.2656509e+00
   7.1041887e-01  -3.2598082e+00
   6.9268523e-01  -3.2574680e+00
   6.9841645e-01  -3.2584327e+00
   6.9454671e-01  -3.2608238e+00
   6.9008303e-01  -3.2701530e+00
   6.9931490e-01  -3.2712639e+00
   7.0028606e-01  -3.2716357e+00
   7.0397881e-01  -3.2731128e+00
   7.0836943e-01  -3.2693391e+00
   7.0324848e-01  -3.2674581e+00
   7.0663356e-01  -3.2698196e+00
   6.9410603e-01  -3.2704548e+00
   7.0247203e-01  -3.2741133e+00
   1.4934402e-03  -3.2630730e+00
   1.5457947e-03  -3.2660680e+00
   1.9720592e-02  -3.2064038e+00
   9.7087285e-03  -3.0849381e+00
   1.3937943e-02  -2.9405199e+00
   1.3933033e-02  -2.7767215e+00
   3.3134954e-03  -2.6008082e+00
   9.6352612e-03  -2.4145709e+00
   1.1515110e-02  -2.2285247e+00
   4.9384432e-03  -2.0477195e+00
   2.6530272e-03  -1.8691185e+00
   1.5703106e-03  -1.6988037e+00
   1.7501119e-02  -1.5427777e+00
   2.1271947e-02  -1.4098531e+00
   1.4239850e-03  -1.2625541e+00
   1.2071857e-02  -1.1364034e+00
   1.9218564e-02  -1.0295550e+00
   1.1767259e-02  -9.2521539e-01
   5.7079219e-03  -8.2968780e-01
   2.2912057e-02  -7.3959224e-01
   1.8625404e-02  -6.6579012e-01
   1.0308200e-03  -5.9242962e-01
   4.4651155e-03  -5.2353482e-01
   1.4298667e-03  -4.7299234e-01
   1.2482088e-03  -4.1076194e-01
   1.3598669e-02  -3.6359296e-01
   3.2317552e-03  -3.2986405e-01
   2.2452716e-02  -2.9386438e-01
   1.0522756e-02  -2.6417084e-01
   7.3547303e-03  -2.3689678e-01
   1.7939658e-02  -2.0293763e-01
   1.5650658e-02  -1.7733842e-01
   1.2998312e-02  -1.5888532e-01
   1.2321694e-02  -1.4590924e-01
   1.8678610e-02  -1.2842996e-01
   1.1150122e-02  -1.0962832e-01
   6.3292051e-03  -9.8296072e-02
   2.0397402e-02  -8.9889794e-02
   1.8051226e-02  -7.6130246e-02
   2.3122374e-02  -7.7163108e-02
   3.9657083e-03  -7.1695627e-02
   1.6014950e-02  -5.6320021e-02
   1.8691258e-02  -5.7201828e-02
   1.9069659e-02  -5.1905103e-02
   6.2034788e-03  -4.2356811e-02
   1.8355727e-02  -4.0103034e-02
   1.0689541e-02  -3.8143355e-02
   2.2689243e-02  -2.9837679e-02
   1.3867041e-02  -3.7594657e-02
   1.0797051e-02  -2.7620141e-02
   1.9145263e-02  -2.4706443e-02
   3.3999796e-03  -2.4232280e-02
   4.7495672e-03  -1.8012753e-02
   2.2827372e-03  -1.7600063e-02
   1.5559647e-02  -1.4343414e-02
   1.0116846e-02  -2.1696129e-02
   2.2794357e-02  -2.2971321e-02
   2.6695816e-03  -2.3100941e-02
   2.5280077e-03  -1.4061862e-02
   8.3431024e-03  -2.1746519e-02
   1.5807819e-02  -1.7735593e-02
   2.1997471e-02  -1.2389476e-02
   1.9168032e-03  -1.1376387e-02
   1.5630815e-02  -1.5786838e-02
   8.5074319e-03  -1.8165960e-02
   5.8272933e-03  -1.7511009e-02
   1.5508613e-02  -1.8940568e-02
   9.4196609e-03  -1.2606305e-02
   1.1904398e-02  -1.5306866e-02
  -7.8866808e-01  -1.6168978e-02
  -7.8960143e-01  -1.5357891e-02
  -7.8475916e-01   3.0182873e-02
  -7.8541315e-01   1.1091671e-01
  -7.9568684e-01   2.0776312e-01
  -7.7908236e-01   3.2460051e-01
  -7.8155549e-01   4.5295174e-01
  -7.7808472e-01   5.9055362e-01
  -7.9977422e-01   7.1732963e-01
  -7.8730164e-01   8.4610964e-01
  -7.9672895e-01   9.6078242e-01
  -7.7752961e-01   1.0764144e+00
  -7.8544243e-01   1.1876844e+00
  -7.9510401e-01   1.2873778e+00
  -7.8768850e-01   1.3822894e+00
  -7.7847277e-01   1.4734408e+00
  -7.8092401e-01   1.5594941e+00
  -7.9217876e-01   1.6246026e+00
  -7.8342858e-01   1.6894995e+00
  -7.8497017e-01   1.7580680e+00
  -7.8246233e-01   1.8087168e+00
  -7.7782996e-01   1.8614132e+00
  -7.9518112e-01   1.9088993e+00
  -7.9047403e-01   1.9454255e+00
  -7.9524358e-01   1.9819893e+00
  -7.7782357e-01   2.0159755e+00
  -7.8052232e-01   2.0438857e+00
  -7.8628101e-01   2.0668220e+00
  -7.9248354e-01   2.0824142e+00
  -7.8271571e-01   2.1066941e+00
  -7.7890320e-01   2.1224374e+00
  -7.9375609e-01   2.1465349e+00
  -7.8763041e-01   2.1599437e+00
  -7.9837595e-01   2.1766167e+00
  -7.8028628e-01   2.1866902e+00
  -7.9364527e-01   2.1970823e+00
  -8.0100495e-01   2.1959219e+00
  -7.9109452e-01   2.2063640e+00
  -7.7749416e-01   2.2108800e+00
  -7.9147684e-01   2.2162381e+00
  -7.9839860e-01   2.2290249e+00
  -7.8865425e-01   2.2288082e+00
  -7.9273218e-01   2.2353151e+00
  -8.0064165e-01   2.2423656e+00
  -7.8867926e-01   2.2437634e+00
  -7.7902668e-01   2.2437554e+00
  -7.8117305e-01   2.2419299e+00
  -7.8984947e-01   2.2507846e+00
  -7.8672473e-01   2.2464767e+00
  -7.9786904e-01   2.2490743e+00
  -7.7720758e-01   2.2477723e+00
  -7.9347152e-01   2.2462953e+00
  -7.8304809e-01   2.2467546e+00
  -8.0056523e-01   2.2606370e+00
  -7.8538329e-01   2.2610852e+00
  -7.9234275e-01   2.2569020e+00
  -8.0071352e-01   2.2573765e+00
  -7.9032275e-01   2.2627623e+00
  -7.9173757e-01   2.2643006e+00
  -7.8157593e-01   2.2557104e+00
  -7.8956874e-01   2.2648030e+00
  -7.8424165e-01   2.2605942e+00
  -7.9866101e-01   2.2580578e+00
  -7.8849214e-01   2.2629936e+00
  -7.8159023e-01   2.2626927e+00
  -7.9475359e-01   2.2613584e+00
  -7.8008262e-01   2.2640179e+00
  -7.9443208e-01   2.2628351e+00
  -7.8565993e-01   2.2658053e+00
   3.1482559e-02   2.2636838e+00
   2.8107287e-02   2.2533627e+00
   2.9972181e-02   2.2169367e+00
   2.1057870e-02   2.1363089e+00
   2.9291524e-02   2.0352687e+00
   2.5212302e-02   1.9140501e+00
   2.9132574e-02   1.7846803e+00
   3.1703868e-02   1.6581713e+00
   1.3606547e-02   1.5257319e+00
   2.9446195e-02   1.4036011e+00
   1.4817747e-02   1.2734152e+00
   1.9267736e-02   1.1689898e+00
   2.3289441e-02   1.0562336e+00
   3.1334194e-02   9.4527786e-01
   2.0341474e-02   8.6092723e-01
   3.1026408e-02   7.6505439e-01
   2.5474395e-02   6.9096366e-01
   1.7350591e-02   6.1727676e-01
   3.3552607e-02   5.3933759e-01
   1.6092005e-02   4.8256564e-01
   2.1994692e-02   4.3405795e-01
   2.1224894e-02   3.7578148e-01
   3.6647836e-02   3.2968070e-01
   2.8332714e-02   2.9755410e-01
   2.7041312e-02   2.6075930e-01
   2.8710277e-02   2.2048976e-01
   1.6582709e-02   1.9664120e-01
   2.8568997e-02   1.7324173e-01
   3.6007410e-02   1.4095573e-01
   3.6026255e-02   1.2131797e-01
   3.4042034e-02   1.1319625e-01
   2.5085769e-02   9.8218435e-02
   2.7313717e-02   7.9761752e-02
   2.2443115e-02   6.6871855e-02
   2.9065958e-02   5.9136920e-02
   3.2726012e-02   4.9295242e-02
   3.0324185e-02   3.9012262e-02
   2.8536238e-02   3.2989502e-02
   1.7799482e-02   2.0111680e-02
   2.2843600e-02   1.7156623e-02
   1.9847884e-02   4.2398679e-03
   2.5800159e-02   1.1511002e-02
   3.6473485e-02  -4.0882984e-03
   2.2733040e-02  -7.7546393e-03
   1.7889027e-02  -8.0225709e-03
   2.7203304e-02  -1.1961748e-02
   2.8264125e-02  -5.3907817e-03
   2.2219740e-02  -1.4505390e-02
   3.6053918e-02  -1.9960828e-02
   1.6442963e-02  -1.9998862e-02
   2.9649340e-02  -2.1406487e-02
   2.7964704e-02  -1.6830155e-02
   1.3670680e-02  -1.6341205e-02
   3.3044988e-02  -1.8997608e-02
   2.1874650e-02  -2.4578140e-02
   3.2981580e-02  -2.3381769e-02
   3.4733170e-02  -2.5010074e-02
   3.0737714e-02  -2.3942467e-02
   2.9534647e-02  -2.7722123e-02
   3.6167806e-02  -1.7412602e-02
   2.1675591e-02  -2.1536276e-02
   3.4790494e-02  -2.4632977e-02
   1.3231293e-02  -2.0123798e-02
   3.4420398e-02  -2.4681887e-02
   1.7904516e-02  -2.5355923e-02
   2.3735010e-02  -2.5305955e-02
   2.0975268e-02  -2.0694282e-02
   2.0061985e-02  -2.2267971e-02
   3.4393424e-02  -1.8651708e-02
   9.6930438e-01  -2.2598924e-02
   9.7319172e-01  -2.9904054e-02
   9.8625150e-01  -2.0022400e-01
   9.7137642e-01  -4.9533843e-01
   9.8184425e-01  -8.7336677e-01
   9.7560716e-01  -1.3077488e+00
   9.7019134e-01  -1.7825901e+00
   9.9136216e-01  -2.2635363e+00
   9.7790869e-01  -2.7460918e+00
   9.7994855e-01  -3.2184539e+00
   9.8336020e-01  -3.6640678e+00
   9.7794439e-01  -4.1084876e+00
   9.8598929e-01  -4.5122909e+00
   9.7630940e-01  -4.8911738e+00
   9.8196808e-01  -5.2405317e+00
   9.7245659e-01  -5.5728641e+00
   9.8433460e-01  -5.8672238e+00
   9.7956745e-01  -6.1429487e+00
   9.7209375e-01  -6.4025306e+00
   9.7587004e-01  -6.6305165e+00
   9.9053491e-01  -6.8270159e+00
   9.8597360e-01  -7.0092537e+00
   9.8008958e-01  -7.1859515e+00
   9.7576696e-01  -7.3357989e+00
   9.8901243e-01  -7.4638429e+00
   9.8874638e-01  -7.5918680e+00
   9.7151784e-01  -7.6926105e+00
   9.8653816e-01  -7.7894880e+00
   9.8190852e-01  -7.8723756e+00
   9.8471731e-01  -7.9511990e+00
   9.7861333e-01  -8.0208382e+00
   9.7195859e-01  -8.0698122e+00
   9.7602851e-01  -8.1323461e+00
   9.7932080e-01  -8.1782005e+00
   9.8510436e-01  -8.2119489e+00
   9.8040944e-01  -8.2473391e+00
   9.6979156e-01  -8.2827320e+00
   9.8673413e-01  -8.3059295e+00
   9.7273494e-01  -8.3337268e+00
   9.8125507e-01  -8.3637952e+00
   9.8554643e-01  -8.3759998e+00
   9.8798893e-01  -8.3964401e+00
   9.6982399e-01  -8.4134287e+00
   9.8843485e-01  -8.4245948e+00
   9.7434611e-01  -8.4308831e+00
   9.9064585e-01  -8.4431516e+00
   9.8603128e-01  -8.4514827e+00
   9.7744648e-01  -8.4619101e+00
   9.7292072e-01  -8.4641608e+00
   9.7757412e-01  -8.4802604e+00
   9.6918390e-01  -8.4740497e+00
   9.8381168e-01  -8.4860285e+00
   9.7276467e-01  -8.4826144e+00
   9.8950294e-01  -8.4980089e+00
   9.9252747e-01  -8.4909128e+00
   9.9043493e-01  -8.4958483e+00
   9.8926425e-01  -8.4980305e+00
   9.8840093e-01  -8.5061308e+00
   9.8428609e-01  -8.5104444e+00
   9.8557715e-01  -8.5019212e+00
   9.7408009e-01  -8.5047651e+00
   9.8141078e-01  -8.5017811e+00
   9.7566004e-01  -8.5154183e+00
   9.8399592e-01  -8.5123629e+00
   9.6906725e-01  -8.5098295e+00
   9.8294357e-01  -8.5138197e+00
   9.7604901e-01  -8.5183754e+00
   9.8647499e-01  -8.5154626e+00
   9.8886021e-01  -8.5067871e+00
   7.6961131e-01  -8.5158231e+00
   7.5491406e-01  -8.5147687e+00
   7.6688650e-01  -8.4203582e+00
   7.6077111e-01  -8.2684017e+00
   7.7039338e-01  -8.0675487e+00
   7.5635639e-01  -7.8481018e+00
   7.6612884e-01  -7.5927161e+00
   7.6383548e-01  -7.3486332e+00
   7.6282278e-01  -7.1000627e+00
   7.6609472e-01  -6.8524959e+00
   7.5604013e-01  -6.6111641e+00
   7.5434164e-01  -6.3908883e+00
   7.6285013e-01  -6.1760101e+00
   7.5283317e-01  -5.9766665e+00
   7.6821451e-01  -5.7890732e+00
   7.5469326e-01  -5.6163880e+00
   7.5096942e-01  -5.4660932e+00
   7.5548281e-01  -5.3233044e+00
   7.5797370e-01  -5.1952023e+00
   7.6753376e-01  -5.0681378e+00
   7.6728787e-01  -4.9619055e+00
   7.6359736e-01  -4.8670305e+00
   7.5128260e-01  -4.7747624e+00
   7.5555300e-01  -4.7000333e+00
   7.5009509e-01  -4.6288081e+00
   7.6976766e-01  -4.5655970e+00
   7.4993206e-01  -4.5209004e+00
   7.5049056e-01  -4.4701852e+00
   7.5900512e-01  -4.4229251e+00
   7.5928910e-01  -4.3865405e+00
   7.5652283e-01  -4.3439589e+00
   7.4948039e-01  -4.3119677e+00
   7.6382968e-01  -4.2835354e+00
   7.6525166e-01  -4.2611726e+00
   7.5377573e-01  -4.2419935e+00
   7.5838408e-01  -4.2242215e+00
   7.7198004e-01  -4.2023133e+00
   7.5413370e-01  -4.1975079e+00
   7.6951694e-01  -4.1785884e+00
   7.5010884e-01  -4.1598431e+00
   7.5213987e-01  -4.1525812e+00
   7.6081778e-01  -4.1530185e+00
   7.4979449e-01  -4.1370194e+00
   7.6714564e-01  -4.1365549e+00
   7.5555545e-01  -4.1288568e+00
   7.6869152e-01  -4.1278180e+00
   7.7150160e-01  -4.1126328e+00
   7.5564642e-01  -4.1119255e+00
   7.7249366e-01  -4.1124391e+00
   7.5695021e-01  -4.1018222e+00
   7.6674756e-01  -4.0995004e+00
   7.5455751e-01  -4.1065354e+00
   7.5979489e-01  -4.1016469e+00
   7.5366758e-01  -4.0962284e+00
   7.6714949e-01  -4.1020044e+00
   7.5968411e-01  -4.0885617e+00
   7.6445972e-01  -4.0996789e+00
   7.5104795e-01  -4.0929817e+00
   7.4949244e-01  -4.0898189e+00
   7.7186912e-01  -4.0836916e+00
   7.6865524e-01  -4.0854733e+00
   7.5077335e-01  -4.0913437e+00
   7.6332000e-01  -4.0923064e+00
   7.6024279e-01  -4.0919514e+00
   7.5769090e-01  -4.0930129e+00
   7.6543142e-01  -4.0898492e+00
   7.5739415e-01  -4.0869631e+00
   7.7083386e-01  -4.0851114e+00
   7.6672427e-01  -4.0905233e+00
  -2.7486768e-01  -4.0829022e+00
  -2.5487929e-01  -4.0805160e+00
  -2.7297661e-01  -4.0008817e+00
  -2.5628397e-01  -3.8367937e+00
  -2.7197196e-01  -3.6368614e+00
  -2.6076482e-01  -3.4202202e+00
  -2.7400216e-01  -3.1656155e+00
  -2.6769019e-01  -2.9150413e+00
  -2.6189779e-01  -2.6700436e+00
  -2.7723806e-01  -2.4227898e+00
  -2.5937421e-01  -2.1898916e+00
  -2.6551697e-01  -1.9657175e+00
  -2.5652846e-01  -1.7449839e+00
  -2.7325774e-01  -1.5439792e+00
  -2.6425903e-01  -1.3576456e+00
  -2.6037221e-01  -1.1939922e+00
  -2.5628420e-01  -1.0418551e+00
  -2.5485516e-01  -8.9186542e-01
  -2.7726564e-01  -7.5634912e-01
  -2.5379422e-01  -6.5015984e-01
  -2.6107167e-01  -5.3479892e-01
  -2.5485476e-01  -4.4601504e-01
  -2.6395431e-01  -3.4942919e-01
  -2.6916142e-01  -2.7495086e-01
  -2.6144164e-01  -2.0871920e-01
  -2.5553125e-01  -1.4515606e-01
  -2.6753677e-01  -8.9679236e-02
  -2.5835308e-01  -3.2224344e-02
  -2.6098587e-01   4.2277282e-03
  -2.7014446e-01   4.6154386e-02
  -2.7658302e-01   8.8150871e-02
  -2.6383398e-01   1.1423460e-01
  -2.6118208e-01   1.4384066e-01
  -2.6987680e-01   1.6334179e-01
  -2.7540437e-01   1.9092041e-01
  -2.6684176e-01   2.0506293e-01
  -2.5497790e-01   2.1806983e-01
  -2.5797127e-01   2.3398895e-01
  -2.6225293e-01   2.4370982e-01
  -2.7356533e-01   2.5568483e-01
  -2.5383327e-01   2.7091861e-01
  -2.7426469e-01   2.8395816e-01
  -2.6078913e-01   2.8743727e-01
  -2.6223772e-01   2.9570775e-01
  -2.7000893e-01   3.0139621e-01
  -2.5599730e-01   3.0772779e-01
  -2.5398288e-01   3.0696221e-01
  -2.7407386e-01   3.1458399e-01
  -2.6490516e-01   3.1815723e-01
  -2.7099097e-01   3.2258190e-01
  -2.6888478e-01   3.1880420e-01
  -2.7621115e-01   3.2307680e-01
  -2.6746929e-01   3.2731146e-01
  -2.7077204e-01   3.3135531e-01
  -2.6232464e-01   3.3069661e-01
  -2.6201530e-01   3.3098405e-01
  -2.5744456e-01   3.2828493e-01
  -2.5908662e-01   3.4090562e-01
  -2.7038769e-01   3.4060964e-01
  -2.5508217e-01   3.4094585e-01
  -2.6122370e-01   3.3326476e-01
  -2.7072739e-01   3.3570459e-01
  -2.5432264e-01   3.4436119e-01
  -2.5877396e-01   3.3629908e-01
  -2.5696352e-01   3.4567804e-01
  -2.6907683e-01   3.4457797e-01
  -2.7510517e-01   3.4046682e-01
  -2.6875542e-01   3.4225634e-01
  -2.7147939e-01   3.4179098e-01
   4.6256431e-01   3.3955998e-01
   4.5729995e-01   3.4847174e-01
   4.6371742e-01   3.1395714e-01
   4.4906051e-01   2.6092937e-01
   4.6425746e-01   1.9512981e-01
   4.5185586e-01   1.1980744e-01
   4.5290530e-01   3.1256418e-02
   4.4650806e-01  -4.4872453e-02
   4.5673545e-01  -1.2905292e-01
   4.6586685e-01  -2.1939676e-01
   4.6385141e-01  -3.0141172e-01
   4.6204706e-01  -3.7279931e-01
   4.4847654e-01  -4.3653159e-01
   4.5842086e-01  -5.1227361e-01
   4.6725556e-01  -5.7229710e-01
   4.4678155e-01  -6.3195369e-01
   4.4560742e-01  -6.7898945e-01
   4.4853120e-01  -7.3639060e-01
   4.4704231e-01  -7.7060483e-01
   4.5708803e-01  -8.1888642e-01
   4.5393794e-01  -8.5375536e-01
   4.5870156e-01  -8.8379083e-01
   4.5347970e-01  -9.0734750e-01
   4.5305059e-01  -9.4321477e-01
   4.5990788e-01  -9.6572847e-01
   4.4708277e-01  -9.8737665e-01
   4.6693156e-01  -1.0025956e+00
   4.5697951e-01  -1.0196637e+00
   4.6785928e-01  -1.0280398e+00
   4.4691204e-01  -1.0440879e+00
   4.4594297e-01  -1.0556441e+00
   4.5233094e-01  -1.0661792e+00
   4.6811712e-01  -1.0739402e+00
   4.5093886e-01  -1.0869296e+00
   4.5396587e-01  -1.0930286e+00
   4.6226354e-01  -1.1009879e+00
   4.6832139e-01  -1.1077856e+00
   4.5993838e-01  -1.1122909e+00
   4.5343777e-01  -1.1149561e+00
   4.5801113e-01  -1.1236907e+00
   4.6769706e-01  -1.1206614e+00
   4.5398501e-01  -1.1265277e+00
   4.5162426e-01  -1.1229525e+00
   4.6562414e-01  -1.1331111e+00
   4.6736519e-01  -1.1250570e+00
   4.4650120e-01  -1.1380163e+00
   4.4636730e-01  -1.1399893e+00
   4.6208908e-01  -1.1405786e+00
   4.5961118e-01  -1.1327946e+00
   4.5680046e-01  -1.1429711e+00
   4.5617576e-01  -1.1408819e+00
   4.5133456e-01  -1.1428122e+00
   4.6547391e-01  -1.1408730e+00
   4.6716026e-01  -1.1423762e+00
   4.6243386e-01  -1.1474041e+00
   4.5440906e-01  -1.1444963e+00
   4.6445278e-01  -1.1417513e+00
   4.6702910e-01  -1.1437844e+00
   4.5373356e-01  -1.1477255e+00
   4.6938088e-01  -1.1381849e+00
   4.5428823e-01  -1.1461840e+00
   4.5233390e-01  -1.1426398e+00
   4.6932640e-01  -1.1402674e+00
   4.4621953e-01  -1.1488542e+00
   4.4914178e-01  -1.1366894e+00
   4.6152620e-01  -1.1458179e+00
   4.6659045e-01  -1.1483718e+00
   4.5927323e-01  -1.1388371e+00
   4.5404781e-01  -1.1435451e+00
   7.4724393e-01  -1.1426289e+00
   7.4729696e-01  -1.1467978e+00
   7.3739472e-01  -1.1902844e+00
   7.2742781e-01  -1.2859530e+00
   7.3363995e-01  -1.4071556e+00
   7.2581016e-01  -1.5436251e+00
   7.2556588e-01  -1.6769527e+00
   7.4296815e-01  -1.8214951e+00
   7.3607058e-01  -1.9704122e+00
   7.3623323e-01  -2.1136109e+00
   7.3718257e-01  -2.2578627e+00
   7.2703147e-01  -2.3804521e+00
   7.4708919e-01  -2.5153069e+00
   7.4779928e-01  -2.6229421e+00
   7.3792742e-01  -2.7393338e+00
   7.4499737e-01  -2.8396777e+00
   7.4833178e-01  -2.9206533e+00
   7.3126687e-01  -3.0128290e+00
   7.3283094e-01  -3.0842854e+00
   7.4035129e-01  -3.1495690e+00
   7.2828934e-01  -3.2216577e+00
   7.3607483e-01  -3.2781616e+00
   7.4356103e-01  -3.3255051e+00
   7.3341185e-01  -3.3665471e+00
   7.4287856e-01  -3.4168076e+00
   7.3894690e-01  -3.4491918e+00
   7.4105001e-01  -3.4778087e+00
   7.2945631e-01  -3.5074636e+00
   7.4005545e-01  -3.5373178e+00
   7.4430716e-01  -3.5543218e+00
   7.4416920e-01  -3.5776035e+00
   7.2673169e-01  -3.5931151e+00
   7.3087671e-01  -3.6171054e+00
   7.4385963e-01  -3.6303733e+00
   7.3472517e-01  -3.6349570e+00
   7.2621228e-01  -3.6565945e+00
   7.4379888e-01  -3.6589299e+00
   7.2868295e-01  -3.6713329e+00
   7.2492817e-01  -3.6747117e+00
   7.3021408e-01  -3.6796262e+00
   7.3553051e-01  -3.6924375e+00
   7.4668012e-01  -3.6927025e+00
   7.4561600e-01  -3.7008288e+00
   7.3600609e-01  -3.7071223e+00
   7.2695147e-01  -3.7014194e+00
   7.4070374e-01  -3.7156349e+00
   7.3900685e-01  -3.7140935e+00
   7.2762366e-01  -3.7119403e+00
   7.3667675e-01  -3.7208503e+00
   7.3818331e-01  -3.7207637e+00
   7.4357081e-01  -3.7155724e+00
   7.3238195e-01  -3.7246864e+00
   7.4600687e-01  -3.7237888e+00
   7.3964948e-01  -3.7287569e+00
   7.3892891e-01  -3.7255051e+00
   7.2558754e-01  -3.7282605e+00
   7.3894992e-01  -3.7252994e+00
   7.3310802e-01  -3.7355205e+00
   7.4342557e-01  -3.7291959e+00
   7.2815392e-01  -3.7255061e+00
   7.3944459e-01  -3.7342061e+00
   7.2859500e-01  -3.7374331e+00
   7.4438239e-01  -3.7355579e+00
   7.3824716e-01  -3.7364532e+00
   7.4774325e-01  -3.7272790e+00
   7.2945178e-01  -3.7249711e+00
   7.4154259e-01  -3.7292371e+00
   7.3878348e-01  -3.7290066e+00
   7.3997238e-01  -3.7252712e+00
  -3.5923511e-02  -3.7342379e+00
  -2.3002891e-02  -3.7272975e+00
  -3.5254774e-02  -3.6552617e+00
  -3.9574029e-02  -3.5182242e+00
  -3.1250709e-02  -3.3572888e+00
  -2.7014195e-02  -3.1681654e+00
  -3.9372946e-02  -2.9521057e+00
  -1.7868997e-02  -2.7455177e+00
  -3.1799231e-02  -2.5280081e+00
  -3.8425541e-02  -2.3181919e+00
  -1.7696944e-02  -2.1127325e+00
  -2.2973428e-02  -1.9245275e+00
  -2.0063109e-02  -1.7448746e+00
  -3.4815370e-02  -1.5723229e+00
  -1.6675539e-02  -1.4223438e+00
  -1.6136336e-02  -1.2680022e+00
  -3.7262781e-02  -1.1372269e+00
  -4.0000752e-02  -1.0194963e+00
  -2.4055400e-02  -9.0345007e-01
  -2.5554945e-02  -8.0932849e-01
  -2.4492606e-02  -7.2425047e-01
  -1.6858773e-02  -6.4149792e-01
  -1.9162225e-02  -5.5958718e-01
  -3.9393307e-02  -4.9856585e-01
  -3.3065100e-02  -4.4177524e-01
  -3.5481746e-02  -3.8155179e-01
  -2.4745385e-02  -3.4155785e-01
  -3.3057522e-02  -2.8790322e-01
  -2.0024707e-02  -2.6083310e-01
  -3.6171031e-02  -2.2435248e-01
  -2.1272634e-02  -1.8962241e-01
  -2.1109512e-02  -1.7138046e-01
  -3.6781010e-02  -1.3907298e-01
  -3.2331900e-02  -1.2257975e-01
  -3.6421521e-02  -9.9126062e-02
  -1.9835179e-02  -9.3423205e-02
  -2.2043657e-02  -6.9844003e-02
  -3.5655240e-02  -6.7512796e-02
  -3.5276907e-02  -5.6574702e-02
  -3.7924150e-02  -4.6745334e-02
  -2.8603915e-02  -2.4830659e-02
  -1.6529977e-02  -1.8113616e-02
  -3.9181403e-02  -1.1482986e-02
  -1.7756165e-02  -6.7639358e-03
  -3.4714195e-02  -9.6626165e-03
  -2.0511963e-02   1.0667151e-03
  -1.6451941e-02  -1.9425436e-03
  -3.2828409e-02   8.6323651e-04
  -2.5502031e-02   7.6599063e-03
  -1.8379479e-02   4.8465631e-03
  -1.7541860e-02   1.3125855e-02
  -2.0606419e-02   1.7904289e-02
  -2.5051814e-02   2.1663112e-02
  -3.4481438e-02   1.1949192e-02
  -2.7325339e-02   2.6353081e-02
  -3.9917031e-02   1.7467965e-02
  -3.4168194e-02   2.1362061e-02
  -3.9626683e-02   1.8473673e-02
  -3.7348479e-02   2.3179087e-02
  -2.5372113e-02   2.5003150e-02
  -2.9599799e-02   2.9461525e-02
  -3.8313311e-02   2.1665476e-02
  -2.1818908e-02   2.4350171e-02
  -3.0480266e-02   2.9465178e-02
  -2.9039572e-02   2.7888646e-02
  -2.8351529e-02   2.1941802e-02
  -2.6183208e-02   3.4198029e-02
  -2.5339352e-02   2.9392759e-02
  -1.8207802e-02   3.2113179e-02
  -8.3977285e-01   2.8819084e-02
  -8.6139653e-01   2.2831365e-02
  -8.5082512e-01   8.0270586e-02
  -8.4958053e-01   1.6624314e-01
  -8.4082660e-01   2.8791753e-01
  -8.5245308e-01   4.2508900e-01
  -8.4573551e-01   5.6320275e-01
  -8.5617684e-01   7.0685136e-01
  -8.5679540e-01   8.5728369e-01
  -8.4469226e-01   1.0041524e+00
  -8.4917751e-01   1.1380353e+00
  -8.5004874e-01   1.2677495e+00
  -8.6099459e-01   1.3960173e+00
  -8.4053483e-01   1.5009605e+00
  -8.5594180e-01   1.6104764e+00
  -8.4660279e-01   1.7122536e+00
  -8.5679273e-01   1.8108277e+00
  -8.5973855e-01   1.8938182e+00
  -8.5768455e-01   1.9633699e+00
  -8.5426744e-01   2.0314187e+00
  -8.4055175e-01   2.1038706e+00
  -8.4659423e-01   2.1480699e+00
  -8.5364476e-01   2.2074803e+00
  -8.4438683e-01   2.2455608e+00
  -8.4992415e-01   2.2898637e+00
  -8.4149485e-01   2.3334187e+00
  -8.5089217e-01   2.3529600e+00
  -8.4874034e-01   2.3916290e+00
  -8.3958213e-01   2.4151173e+00
  -8.6194033e-01   2.4329771e+00
  -8.5988852e-01   2.4613531e+00
  -8.5390769e-01   2.4805644e+00
  -8.4582855e-01   2.4865759e+00
  -8.4350489e-01   2.5033025e+00
  -8.6049978e-01   2.5128102e+00
  -8.4401796e-01   2.5330699e+00
  -8.4887320e-01   2.5367412e+00
  -8.4571198e-01   2.5524047e+00
  -8.5362636e-01   2.5538267e+00
  -8.5744351e-01   2.5569240e+00
  -8.4380211e-01   2.5697838e+00
  -8.5041532e-01   2.5741468e+00
  -8.6108412e-01   2.5839225e+00
  -8.5470834e-01   2.5816869e+00
  -8.4862823e-01   2.5918224e+00
  -8.3934904e-01   2.5893553e+00
  -8.5422626e-01   2.5865199e+00
  -8.5203530e-01   2.5919015e+00
  -8.3958015e-01   2.5986075e+00
  -8.4224045e-01   2.6020565e+00
  -8.5956736e-01   2.5995879e+00
  -8.3966462e-01   2.6066272e+00
  -8.6089547e-01   2.6061029e+00
  -8.4541966e-01   2.6014343e+00
  -8.4240113e-01   2.6010317e+00
  -8.3880691e-01   2.5991704e+00
  -8.5492282e-01   2.5982502e+00
  -8.5038624e-01   2.6007665e+00
  -8.5008065e-01   2.5990754e+00
  -8.5043593e-01   2.6071218e+00
  -8.5826119e-01   2.6007428e+00
  -8.5847058e-01   2.6063551e+00
  -8.6058017e-01   2.6009161e+00
  -8.4544212e-01   2.6113237e+00
  -8.3880883e-01   2.6119023e+00
  -8.4640394e-01   2.6084236e+00
  -8.4616615e-01   2.6037109e+00
  -8.5090741e-01   2.6046874e+00
  -8.5902421e-01   2.6055193e+00
  -1.6709328e-01   2.6023387e+00
  -1.7230558e-01   2.6058916e+00
  -1.6334027e-01   2.5552795e+00
  -1.7140618e-01   2.4712763e+00
  -1.5801327e-01   2.3595270e+00
  -1.7433183e-01   2.2359764e+00
  -1.6271111e-01   2.1096153e+00
  -1.6733915e-01   1.9689609e+00
  -1.7364906e-01   1.8320877e+00
  -1.7328448e-01   1.6969271e+00
  -1.7743550e-01   1.5652806e+00
  -1.6758766e-01   1.4483180e+00
  -1.6538433e-01   1.3366813e+00
  -1.6241736e-01   1.2193126e+00
  -1.5967948e-01   1.1210560e+00
  -1.6297955e-01   1.0361416e+00
  -1.7713575e-01   9.4510393e-01
  -1.8062512e-01   8.7060200e-01
  -1.8127102e-01   8.0039145e-01
  -1.7571960e-01   7.2593169e-01
  -1.5995679e-01   6.7329649e-01
  -1.6397391e-01   6.2421885e-01
  -1.5761515e-01   5.7086463e-01
  -1.8099380e-01   5.2930141e-01
  -1.7006501e-01   4.8622333e-01
  -1.7842356e-01   4.5883481e-01
  -1.6465095e-01   4.2929034e-01
  -1.7969338e-01   4.0127511e-01
  -1.7301305e-01   3.7833655e-01
  -1.7393720e-01   3.5913071e-01
  -1.6437859e-01   3.3604262e-01
  -1.5832790e-01   3.2459225e-01
  -1.6462352e-01   2.9618788e-01
  -1.7719712e-01   2.9233317e-01
  -1.7063582e-01   2.8015714e-01
  -1.7064627e-01   2.7357221e-01
  -1.6801039e-01   2.6228172e-01
  -1.7186683e-01   2.5500865e-01
  -1.6806895e-01   2.3649779e-01
  -1.6404757e-01   2.4207453e-01
  -1.6279284e-01   2.2540696e-01
  -1.8111323e-01   2.2973080e-01
  -1.6290288e-01   2.2675637e-01
  -1.6726812e-01   2.1744310e-01
  -1.7390365e-01   2.0918622e-01
  -1.6372310e-01   2.1187239e-01
  -1.7170901e-01   2.0364353e-01
  -1.6775206e-01   2.1141767e-01
  -1.7844058e-01   2.0284113e-01
  -1.6483562e-01   2.0457788e-01
  -1.7299467e-01   2.0240522e-01
  -1.6373355e-01   1.9526781e-01
  -1.6718125e-01   1.9409642e-01
  -1.7020950e-01   2.0418660e-01
  -1.7027364e-01   1.9304921e-01
  -1.7647551e-01   2.0358405e-01
  -1.6890071e-01   2.0268389e-01
  -1.6130211e-01   1.9718576e-01
  -1.6523788e-01   1.9028197e-01
  -1.7048919e-01   1.9700737e-01
  -1.7517296e-01   1.8896149e-01
  -1.7569781e-01   1.9906962e-01
  -1.5878186e-01   1.9311035e-01
  -1.7803328e-01   1.8820299e-01
  -1.7248179e-01   1.8767948e-01
  -1.6148072e-01   1.9681429e-01
  -1.7936042e-01   1.9732599e-01
  -1.6731829e-01   1.9259405e-01
  -1.7347565e-01   1.9129332e-01
   1.5313607e-01   1.9653167e-01
   1.4117983e-01   1.9658331e-01
   1.4707400e-01   1.8634549e-01
   1.3995797e-01   1.6692254e-01
   1.3300236e-01   1.6051428e-01
   1.4233578e-01   1.3444918e-01
   1.4170446e-01   1.2033435e-01
   1.4703748e-01   1.0422563e-01
   1.4163207e-01   7.3402055e-02
   1.2951304e-01   5.4272021e-02
   1.4718151e-01   3.7852247e-02
   1.3147570e-01   1.5732294e-02
   1.4315742e-01   3.5342020e-03
   1.3170530e-01  -7.7978310e-03
   1.3193167e-01  -3.1959347e-02
   1.3856633e-01  -3.7901845e-02
   1.3184849e-01  -5.0686018e-02
   1.3933910e-01  -7.2963354e-02
   1.3312934e-01  -8.2845975e-02
   1.4229819e-01  -8.5005878e-02
   1.4862190e-01  -9.9690091e-02
   1.3682118e-01  -1.0112913e-01
   1.3814196e-01  -1.1147029e-01
   1.5158767e-01  -1.1954878e-01
   1.3530134e-01  -1.2671883e-01
   1.5023478e-01  -1.3017251e-01
   1.3018933e-01  -1.3675267e-01
   1.3747386e-01  -1.3336775e-01
   1.4395236e-01  -1.3561892e-01
   1.3056778e-01  -1.4283586e-01
   1.5087341e-01  -1.4579868e-01
   1.5128184e-01  -1.4361502e-01
   1.3427412e-01  -1.5012204e-01
   1.3227884e-01  -1.5572191e-01
   1.3947219e-01  -1.5529350e-01
   1.3851132e-01  -1.6204386e-01
   1.3020650e-01  -1.5480181e-01
   1.4795244e-01  -1.6395103e-01
   1.3844941e-01  -1.5847185e-01
   1.4510090e-01  -1.5818812e-01
   1.4718347e-01  -1.6462149e-01
   1.3546413e-01  -1.5701257e-01
   1.5079930e-01  -1.6976889e-01
   1.5225075e-01  -1.6072786e-01
   1.4787090e-01  -1.6735882e-01
   1.2997910e-01  -1.6690271e-01
   1.4720373e-01  -1.6472917e-01
   1.3256362e-01  -1.7319115e-01
   1.5211615e-01  -1.6574491e-01
   1.4821869e-01  -1.6565907e-01
   1.5249381e-01  -1.7083996e-01
   1.3620656e-01  -1.6307539e-01
   1.4385318e-01  -1.6640140e-01
   1.4640722e-01  -1.7131856e-01
   1.4059155e-01  -1.6531260e-01
   1.3362824e-01  -1.6591251e-01
   1.3189337e-01  -1.7143226e-01
   1.3132654e-01  -1.7405842e-01
   1.3882386e-01  -1.7180757e-01
   1.5111233e-01  -1.6545688e-01
   1.3121445e-01  -1.6701098e-01
   1.4347527e-01  -1.6432645e-01
   1.4173798e-01  -1.7434277e-01
   1.3622116e-01  -1.6578733e-01
   1.5279754e-01  -1.6265685e-01
   1.4232872e-01  -1.6576937e-01
   1.4921078e-01  -1.6958878e-01
   1.4951168e-01  -1.7343431e-01
   1.5279596e-01  -1.7418252e-01
   5.6916942e-01  -1.6809977e-01
   5.7557816e-01  -1.7329506e-01
   5.8566573e-01  -2.1011231e-01
   5.8043226e-01  -2.6980960e-01
   5.8537133e-01  -3.4669808e-01
   5.7666695e-01  -4.3264000e-01
   5.6416800e-01  -5.4233028e-01
   5.6968024e-01  -6.3908123e-01
   5.6321965e-01  -7.3820763e-01
   5.6626933e-01  -8.3684578e-01
   5.7847218e-01  -9.3554749e-01
   5.8157232e-01  -1.0187445e+00
   5.6415125e-01  -1.1130407e+00
   5.8367706e-01  -1.1934057e+00
   5.7825217e-01  -1.2710983e+00
   5.8282717e-01  -1.3343714e+00
   5.7372273e-01  -1.3985636e+00
   5.8150832e-01  -1.4590329e+00
   5.7817675e-01  -1.5127367e+00
   5.6766115e-01  -1.5482175e+00
   5.7418444e-01  -1.6012447e+00
   5.6531646e-01  -1.6305458e+00
   5.6644819e-01  -1.6667494e+00
   5.6946822e-01  -1.7016879e+00
   5.8351963e-01  -1.7278017e+00
   5.6860266e-01  -1.7584416e+00
   5.8531423e-01  -1.7799935e+00
   5.7712577e-01  -1.7930327e+00
   5.7452718e-01  -1.8215449e+00
   5.7177807e-01  -1.8301214e+00
   5.6526181e-01  -1.8523555e+00
   5.6271691e-01  -1.8626182e+00
   5.8050735e-01  -1.8742082e+00
   5.7649983e-01  -1.8745444e+00
   5.8378001e-01  -1.8893604e+00
   5.7234831e-01  -1.8892314e+00
   5.7525044e-01  -1.9005641e+00
   5.7302185e-01  -1.9028088e+00
   5.6775123e-01  -1.9149991e+00
   5.7313246e-01  -1.9220751e+00
   5.7769455e-01  -1.9158012e+00
   5.6527991e-01  -1.9205100e+00
   5.7311069e-01  -1.9317542e+00
   5.7372718e-01  -1.9318139e+00
   5.7459588e-01  -1.9364424e+00
   5.6480494e-01  -1.9311612e+00
   5.8202153e-01  -1.9413614e+00
   5.8626886e-01  -1.9340283e+00
   5.6755328e-01  -1.9424883e+00
   5.7766191e-01  -1.9463015e+00
   5.7181526e-01  -1.9423346e+00
   5.8529004e-01  -1.9443751e+00
   5.7249745e-01  -1.9391960e+00
   5.7757172e-01  -1.9386641e+00
   5.7464125e-01  -1.9496207e+00
   5.8110864e-01  -1.9534524e+00
   5.6741340e-01  -1.9426676e+00
   5.6377592e-01  -1.9544467e+00
   5.8424189e-01  -1.9529728e+00
   5.8272086e-01  -1.9476706e+00
   5.6916286e-01  -1.9470677e+00
   5.7230070e-01  -1.9492093e+00
   5.7312721e-01  -1.9519526e+00
   5.7307817e-01  -1.9440865e+00
   5.6244940e-01  -1.9504835e+00
   5.8092795e-01  -1.9429116e+00
   5.7523676e-01  -1.9493431e+00
   5.7832552e-01  -1.9473434e+00
   5.7399541e-01  -1.9487102e+00
   4.3726378e-01  -1.9505299e+00
   4.4021896e-01  -1.9535261e+00
   4.4231293e-01  -1.9300663e+00
   4.5788716e-01  -1.9005830e+00
   4.4518136e-01  -1.8591435e+00
   4.4499819e-01  -1.8209111e+00
   4.5220489e-01  -1.7803903e+00
   4.3871041e-01  -1.7275037e+00
   4.3718956e-01  -1.6841541e+00
   4.5352156e-01  -1.6251455e+00
   4.5745672e-01  -1.5904368e+00
   4.4927791e-01  -1.5415759e+00
   4.5939102e-01  -1.5006557e+00
   4.4542252e-01  -1.4619244e+00
   4.5494551e-01  -1.4307127e+00
   4.5584686e-01  -1.3924354e+00
   4.5009816e-01  -1.3701803e+00
   4.5738201e-01  -1.3404443e+00
   4.3987177e-01  -1.3148687e+00
   4.4354879e-01  -1.2819172e+00
   4.4566885e-01  -1.2737926e+00
   4.6060973e-01  -1.2541630e+00
   4.3916859e-01  -1.2349620e+00
   4.5006655e-01  -1.2177018e+00
   4.5832687e-01  -1.2067023e+00
   4.4383809e-01  -1.1845276e+00
   4.5237881e-01  -1.1847770e+00
   4.3985677e-01  -1.1778237e+00
   4.4090248e-01  -1.1634330e+00
   4.5546667e-01  -1.1603050e+00
   4.5826868e-01  -1.1446906e+00
   4.3967636e-01  -1.1413787e+00
   4.3829097e-01  -1.1388937e+00
   4.3928610e-01  -1.1290693e+00
   4.5820956e-01  -1.1338158e+00
   4.3730292e-01  -1.1261599e+00
   4.3863383e-01  -1.1250900e+00
   4.4568621e-01  -1.1214292e+00
   4.5547847e-01  -1.1177885e+00
   4.3749732e-01  -1.1141991e+00
   4.4357772e-01  -1.1162967e+00
   4.3888293e-01  -1.1044860e+00
   4.4021433e-01  -1.1061765e+00
   4.5683837e-01  -1.1072368e+00
   4.4172711e-01  -1.1098476e+00
   4.3791620e-01  -1.1089199e+00
   4.4361519e-01  -1.1065281e+00
   4.5973960e-01  -1.0963870e+00
   4.4743943e-01  -1.1038601e+00
   4.4935944e-01  -1.1034862e+00
   4.5093435e-01  -1.1045951e+00
   4.4945679e-01  -1.0964264e+00
   4.4510916e-01  -1.1047023e+00
   4.4238695e-01  -1.1041914e+00
   4.5943604e-01  -1.1014478e+00
   4.5994284e-01  -1.0973660e+00
   4.4866615e-01  -1.1056391e+00
   4.4052921e-01  -1.0927372e+00
   4.5639889e-01  -1.0995422e+00
   4.5416688e-01  -1.1051131e+00
   4.5234149e-01  -1.0965554e+00
   4.3796033e-01  -1.1013401e+00
   4.5136788e-01  -1.0996626e+00
   4.5020512e-01  -1.1017827e+00
   4.5179659e-01  -1.1031501e+00
   4.5554905e-01  -1.0972787e+00
   4.3990562e-01  -1.0915497e+00
   4.6082929e-01  -1.0936138e+00
   4.4837545e-01  -1.0938370e+00
   2.9350810e-01  -1.1041767e+00
   3.0045410e-01  -1.1019200e+00
   2.8526463e-01  -1.0867944e+00
   2.8985712e-01  -1.0663761e+00
   2.9226523e-01  -1.0358712e+00
   2.8699500e-01  -9.9741841e-01
   2.9543786e-01  -9.7007372e-01
   2.9384497e-01  -9.2746510e-01
   2.9501578e-01  -8.9024289e-01
   2.9003329e-01  -8.6116524e-01
   2.9856209e-01  -8.3241779e-01
   2.8691119e-01  -8.0192710e-01
   3.0076648e-01  -7.7109428e-01
   2.9143132e-01  -7.3580167e-01
   3.0006306e-01  -7.0788280e-01
   2.8259032e-01  -6.9207888e-01
   2.9621807e-01  -6.6367732e-01
   2.8325283e-01  -6.4364262e-01
   2.9317726e-01  -6.2149798e-01
   2.9611095e-01  -6.0563949e-01
   2.8340669e-01  -5.9423196e-01
   2.9523451e-01  -5.7388836e-01
   2.8167168e-01  -5.7036324e-01
   2.8553203e-01  -5.6311334e-01
   2.8972946e-01  -5.3999041e-01
   2.7784444e-01  -5.4193982e-01
   2.8489281e-01  -5.3313270e-01
   2.9001125e-01  -5.2924667e-01
   2.9042240e-01  -5.1568031e-01
   2.8942735e-01  -5.1627186e-01
   2.8739995e-01  -5.0649705e-01
   2.8541902e-01  -5.0737233e-01
   2.8029240e-01  -5.0123414e-01
   2.9621988e-01  -4.9228526e-01
   2.8879326e-01  -4.8813824e-01
   2.9225822e-01  -4.8717285e-01
   2.8036842e-01  -4.8371508e-01
   2.9369934e-01  -4.7799161e-01
   2.8960628e-01  -4.7826850e-01
   2.7821190e-01  -4.7368421e-01
   2.8725691e-01  -4.7660475e-01
   2.8225591e-01  -4.7879756e-01
   2.9722522e-01  -4.7200967e-01
   2.9894110e-01  -4.7704066e-01
   2.9624175e-01  -4.7384770e-01
   2.9219810e-01  -4.8029201e-01
   2.8811224e-01  -4.6984384e-01
   2.8486684e-01  -4.6768557e-01
   2.9432685e-01  -4.6844128e-01
   2.8187906e-01  -4.6484936e-01
   2.8148413e-01  -4.6627501e-01
   2.9718232e-01  -4.7112328e-01
   2.8615487e-01  -4.7677831e-01
   2.8274333e-01  -4.6877206e-01
   2.8650542e-01  -4.7225146e-01
   2.8183431e-01  -4.6459736e-01
   2.8258808e-01  -4.7043639e-01
   2.9343946e-01  -4.6443078e-01
   3.0030424e-01  -4.7449993e-01
   2.9679329e-01  -4.7535531e-01
   2.7743428e-01  -4.6351193e-01
   2.8397826e-01  -4.6665370e-01
   2.9779921e-01  -4.6558442e-01
   2.8604876e-01  -4.6236450e-01
   2.9085822e-01  -4.7618317e-01
   2.9306714e-01  -4.6315648e-01
   2.9146908e-01  -4.7538605e-01
   2.7719457e-01  -4.7295776e-01
   2.8743044e-01  -4.6266690e-01
   2.2665454e-01  -4.7331086e-01
   2.1352753e-01  -4.6741024e-01
   2.3630156e-01  -4.5929357e-01
   2.2348181e-01  -4.6401063e-01
   2.2448039e-01  -4.4777137e-01
   2.1379667e-01  -4.4709708e-01
   2.1533694e-01  -4.3344912e-01
   2.1338734e-01  -4.2434058e-01
   2.2509127e-01  -4.2054721e-01
   2.2693648e-01  -4.1695060e-01
   2.2659166e-01  -4.0756819e-01
   2.3554906e-01  -3.9097978e-01
   2.1411910e-01  -3.8218942e-01
   2.2228074e-01  -3.8510292e-01
   2.1520030e-01  -3.8103021e-01
   2.3077027e-01  -3.6912484e-01
   2.1455386e-01  -3.6571449e-01
   2.2384804e-01  -3.6169119e-01
   2.1734290e-01  -3.4897226e-01
   2.2182731e-01  -3.5245014e-01
   2.2766757e-01  -3.3907813e-01
   2.1490586e-01  -3.3900988e-01
   2.3635602e-01  -3.4258610e-01
   2.1757223e-01  -3.3978841e-01
   2.2672497e-01  -3.3453907e-01
   2.2162362e-01  -3.2975789e-01
   2.2095010e-01  -3.3347312e-01
   2.1822165e-01  -3.3383976e-01
   2.3074575e-01  -3.1997704e-01
   2.1533826e-01  -3.2031708e-01
   2.1653321e-01  -3.2602447e-01
   2.2018477e-01  -3.2938335e-01
   2.3626258e-01  -3.2035597e-01
   2.2463644e-01  -3.2028531e-01
   2.1715861e-01  -3.2429228e-01
   2.2138800e-01  -3.1619603e-01
   2.1421816e-01  -3.1275017e-01
   2.1432605e-01  -3.2148409e-01
   2.3457705e-01  -3.2239793e-01
   2.1711964e-01  -3.1089112e-01
   2.2159943e-01  -3.1708024e-01
   2.1619941e-01  -3.2143203e-01
   2.1877483e-01  -3.1874327e-01
   2.3701207e-01  -3.2329167e-01
   2.2797169e-01  -3.1049950e-01
   2.3279232e-01  -3.2230620e-01
   2.2526687e-01  -3.1670601e-01
   2.3011246e-01  -3.1822535e-01
   2.3276661e-01  -3.2278775e-01
   2.2620819e-01  -3.1986895e-01
   2.3590293e-01  -3.2219050e-01
   2.1734774e-01  -3.1653471e-01
   2.3667026e-01  -3.1822854e-01
   2.2611466e-01  -3.2242223e-01
   2.2915811e-01  -3.0980050e-01
   2.3538616e-01  -3.1951380e-01
   2.3125109e-01  -3.1395832e-01
   2.2991262e-01  -3.2074070e-01
   2.2477280e-01  -3.1394683e-01
   2.2094768e-01  -3.2046786e-01
   2.2460924e-01  -3.0874022e-01
   2.2155502e-01  -3.0827684e-01
   2.1896923e-01  -3.0867529e-01
   2.2336917e-01  -3.2044854e-01
   2.2150312e-01  -3.1454095e-01
   2.2624406e-01  -3.2006731e-01
   2.3453458e-01  -3.1715733e-01
   2.3155659e-01  -3.1643272e-01
   2.2988700e-01  -3.1000390e-01
  -1.2061983e-01  -3.1846485e-01
  -1.3316216e-01  -3.1797341e-01
  -1.2047233e-01  -3.0689430e-01
  -1.1559140e-01  -2.8479580e-01
  -1.3196640e-01  -2.6573505e-01
  -1.2899497e-01  -2.4100109e-01
  -1.2044686e-01  -2.2506350e-01
  -1.2230237e-01  -1.9791243e-01
  -1.2040736e-01  -1.7873565e-01
  -1.1989874e-01  -1.5383731e-01
  -1.1493770e-01  -1.2387197e-01
  -1.1290267e-01  -1.0122409e-01
  -1.3123899e-01  -8.2586652e-02
  -1.1537739e-01  -6.0587744e-02
  -1.1010466e-01  -4.0326885e-02
  -1.2143808e-01  -2.3937305e-02
  -1.2635515e-01  -1.1762991e-02
  -1.2876658e-01   1.2633641e-02
  -1.1130813e-01   1.6643732e-02
  -1.3207549e-01   3.5355119e-02
  -1.1746536e-01   4.4058582e-02
  -1.1297480e-01   5.1077079e-02
  -1.2560754e-01   6.6410376e-02
  -1.3275325e-01   6.9053662e-02
  -1.2848750e-01   7.6698512e-02
  -1.3040657e-01   8.6799988e-02
  -1.2519216e-01   9.4971323e-02
  -1.1270240e-01   9.6113230e-02
  -1.2358245e-01   9.2240575e-02
  -1.2454471e-01   9.5128751e-02
  -1.1446876e-01   1.0683286e-01
  -1.2939222e-01   1.0890401e-01
  -1.2174615e-01   1.1537204e-01
  -1.3021917e-01   1.1183096e-01
  -1.1965689e-01   1.1991433e-01
  -1.2395791e-01   1.1573428e-01
  -1.2004244e-01   1.2451512e-01
  -1.1900461e-01   1.1602404e-01
  -1.1991204e-01   1.2833679e-01
  -1.3296347e-01   1.2687544e-01
  -1.1163800e-01   1.2549719e-01
  -1.1040404e-01   1.2005078e-01
  -1.2764352e-01   1.2936550e-01
  -1.2458302e-01   1.3292361e-01
  -1.3127798e-01   1.2539664e-01
  -1.2465883e-01   1.3184193e-01
  -1.1238273e-01   1.2507954e-01
  -1.1913322e-01   1.3281580e-01
  -1.1863168e-01   1.2977184e-01
  -1.1989473e-01   1.2584879e-01
  -1.2686489e-01   1.3010088e-01
  -1.3065622e-01   1.2385954e-01
  -1.3253870e-01   1.2377357e-01
  -1.2871440e-01   1.2486706e-01
  -1.2481827e-01   1.3462199e-01
  -1.2815177e-01   1.2951134e-01
  -1.3168650e-01   1.3388628e-01
  -1.2913529e-01   1.3543358e-01
  -1.2638198e-01   1.3411264e-01
  -1.0949637e-01   1.2550973e-01
  -1.1630400e-01   1.2763435e-01
  -1.0995189e-01   1.2588558e-01
  -1.1190303e-01   1.2685039e-01
  -1.3295359e-01   1.2923248e-01
  -1.1252072e-01   1.2863198e-01
  -1.2089952e-01   1.2632339e-01
  -1.2222982e-01   1.3659153e-01
  -1.3238923e-01   1.3329392e-01
  -1.2909908e-01   1.3351202e-01
  -2.5447349e-01   1.3107805e-01
  -2.4495234e-01   1.3067951e-01
  -2.4103132e-01   1.3529841e-01
  -2.4686865e-01   1.4015601e-01
  -2.5686984e-01   1.5395797e-01
  -2.4817586e-01   1.5454366e-01
  -2.5558871e-01   1.7191275e-01
  -2.6043227e-01   1.8273591e-01
  -2.4710833e-01   1.8413430e-01
  -2.5361976e-01   2.0429538e-01
  -2.4969022e-01   2.1695825e-01
  -2.5088639e-01   2.1997332e-01
  -2.4119449e-01   2.2973255e-01
  -2.4841943e-01   2.4005529e-01
  -2.5933658e-01   2.3874935e-01
  -2.4115143e-01   2.5641332e-01
  -2.4306199e-01   2.5505526e-01
  -2.5492823e-01   2.7029793e-01
  -2.5292966e-01   2.7443204e-01
  -2.4552438e-01   2.6830164e-01
  -2.5887964e-01   2.8380781e-01
  -2.6160049e-01   2.8301800e-01
  -2.5219345e-01   2.9117885e-01
  -2.4155477e-01   2.8778779e-01
  -2.4376535e-01   2.8813643e-01
  -2.4863106e-01   3.0212738e-01
  -2.5638669e-01   2.9814959e-01
  -2.4273213e-01   3.0519988e-01
  -2.4557635e-01   2.9882805e-01
  -2.4913452e-01   3.1034162e-01
  -2.4918091e-01   3.0831814e-01
  -2.4027412e-01   3.1171633e-01
  -2.4580627e-01   3.1111802e-01
  -2.4339630e-01   3.1120827e-01
  -2.5527253e-01   3.0695181e-01
  -2.3879260e-01   3.0907659e-01
  -2.6183109e-01   3.1026614e-01
  -2.4860602e-01   3.1332843e-01
  -2.4280681e-01   3.0775133e-01
  -2.5611726e-01   3.0732786e-01
  -2.5820257e-01   3.1373007e-01
  -2.4396499e-01   3.1224679e-01
  -2.4802130e-01   3.1761357e-01
  -2.4643004e-01   3.1938318e-01
  -2.3867611e-01   3.1738024e-01
  -2.4698171e-01   3.1867656e-01
  -2.4295119e-01   3.1702781e-01
  -2.5574952e-01   3.1022475e-01
  -2.4545891e-01   3.1032408e-01
  -2.5730509e-01   3.0868875e-01
  -2.3989029e-01   3.1947936e-01
  -2.6034071e-01   3.1420842e-01
  -2.5611996e-01   3.1146083e-01
  -2.5513924e-01   3.0895556e-01
  -2.6149904e-01   3.1663654e-01
  -2.5159489e-01   3.0957133e-01
  -2.5837734e-01   3.1613067e-01
  -2.4312576e-01   3.1284831e-01
  -2.5541066e-01   3.1672181e-01
  -2.6089919e-01   3.2067843e-01
  -2.4979708e-01   3.1761538e-01
  -2.4868994e-01   3.1872930e-01
  -2.4374318e-01   3.1302783e-01
  -2.5196080e-01   3.1159167e-01
  -2.5774476e-01   3.1526525e-01
  -2.4864161e-01   3.0982367e-01
  -2.5052185e-01   3.0985982e-01
  -2.4112881e-01   3.1233326e-01
  -2.5852217e-01   3.1251279e-01
   9.6130246e-01   3.1953206e-01
   9.8021005e-01   3.1388775e-01
   9.7582641e-01   1.4433117e-01
   9.6891819e-01  -1.6011396e-01
   9.7686200e-01  -5.5425597e-01
   9.6903971e-01  -9.8600246e-01
   9.7185781e-01  -1.4674045e+00
   9.7117197e-01  -1.9526496e+00
   9.8223094e-01  -2.4361100e+00
   9.8415350e-01  -2.9180280e+00
   9.7104894e-01  -3.3743952e+00
   9.6288475e-01  -3.8213693e+00
   9.8368112e-01  -4.2294867e+00
   9.6828198e-01  -4.6180134e+00
   9.7304811e-01  -4.9702082e+00
   9.6621922e-01  -5.3079187e+00
   9.7665855e-01  -5.6158146e+00
   9.7103094e-01  -5.8907721e+00
   9.6297019e-01  -6.1441543e+00
   9.7003232e-01  -6.3694353e+00
   9.6271086e-01  -6.5850906e+00
   9.8138965e-01  -6.7644037e+00
   9.6911595e-01  -6.9353134e+00
   9.6849216e-01  -7.0871572e+00
   9.6666178e-01  -7.2295331e+00
   9.6617547e-01  -7.3527328e+00
   9.6474512e-01  -7.4623679e+00
   9.6500349e-01  -7.5476606e+00
   9.6736731e-01  -7.6381435e+00
   9.7432551e-01  -7.7210164e+00
   9.7625172e-01  -7.7783096e+00
   9.7305344e-01  -7.8389593e+00
   9.6058032e-01  -7.8945874e+00
   9.7348929e-01  -7.9519102e+00
   9.8232087e-01  -7.9919016e+00
   9.7210603e-01  -8.0190137e+00
   9.6518576e-01  -8.0546421e+00
   9.8388914e-01  -8.0828531e+00
   9.8428142e-01  -8.1174667e+00
   9.8374261e-01  -8.1385342e+00
   9.6139505e-01  -8.1541985e+00
   9.7609901e-01  -8.1709149e+00
   9.6373815e-01  -8.1874565e+00
   9.7709507e-01  -8.2005882e+00
   9.7245261e-01  -8.2132226e+00
   9.6714105e-01  -8.2243539e+00
   9.8206865e-01  -8.2273562e+00
   9.6860940e-01  -8.2309209e+00
   9.7615143e-01  -8.2388445e+00
   9.6934129e-01  -8.2536997e+00
   9.7290735e-01  -8.2566820e+00
   9.6232079e-01  -8.2550050e+00
   9.6831484e-01  -8.2567038e+00
   9.6543949e-01  -8.2702973e+00
   9.7948331e-01  -8.2636983e+00
   9.8037855e-01  -8.2691170e+00
   9.7672660e-01  -8.2757622e+00
   9.6058061e-01  -8.2800630e+00
   9.6673253e-01  -8.2853985e+00
   9.7269477e-01  -8.2818436e+00
   9.6031828e-01  -8.2755191e+00
   9.7728722e-01  -8.2840904e+00
   9.7095845e-01  -8.2828755e+00
   9.6634569e-01  -8.2919472e+00
   9.6750062e-01  -8.2793605e+00
   9.7927252e-01  -8.2802407e+00
   9.7503581e-01  -8.2840106e+00
   9.7927041e-01  -8.2912063e+00
   9.6201045e-01  -8.2871840e+00
  -7.4267339e-01  -8.2897251e+00
  -7.3887207e-01  -8.2848889e+00
  -7.5653736e-01  -8.0793378e+00
  -7.4338020e-01  -7.7227031e+00
  -7.5004086e-01  -7.2564960e+00
  -7.5031007e-01  -6.7227556e+00
  -7.4153143e-01  -6.1526860e+00
  -7.4696542e-01  -5.5614150e+00
  -7.5571392e-01  -4.9747131e+00
  -7.3807875e-01  -4.4128758e+00
  -7.5730812e-01  -3.8491285e+00
  -7.4476473e-01  -3.3296590e+00
  -7.5997790e-01  -2.8236329e+00
  -7.4250633e-01  -2.3671078e+00
  -7.5841170e-01  -1.9299472e+00
  -7.4474329e-01  -1.5293642e+00
  -7.5624371e-01  -1.1748951e+00
  -7.5947797e-01  -8.3018505e-01
  -7.3924160e-01  -5.3044464e-01
  -7.5815990e-01  -2.5061494e-01
  -7.4802345e-01  -3.4555662e-03
  -7.5882449e-01   2.2506099e-01
  -7.5578707e-01   4.2219347e-01
  -7.3902241e-01   6.0964092e-01
  -7.4904416e-01   7.7373979e-01
  -7.5923024e-01   9.1953433e-01
  -7.4880753e-01   1.0481315e+00
  -7.5819101e-01   1.1615934e+00
  -7.4683324e-01   1.2690454e+00
  -7.3848119e-01   1.3614029e+00
  -7.4845279e-01   1.4439055e+00
  -7.4247419e-01   1.5133065e+00
  -7.5167869e-01   1.5825598e+00
  -7.4801967e-01   1.6349379e+00
  -7.5031460e-01   1.6905844e+00
  -7.4425546e-01   1.7238977e+00
  -7.5453554e-01   1.7606197e+00
  -7.5656690e-01   1.8033799e+00
  -7.5254400e-01   1.8364661e+00
  -7.4403548e-01   1.8644211e+00
  -7.4914560e-01   1.8831281e+00
  -7.4391252e-01   1.9049908e+00
  -7.4149995e-01   1.9203908e+00
  -7.4769948e-01   1.9333829e+00
  -7.5757170e-01   1.9537380e+00
  -7.5487613e-01   1.9615405e+00
  -7.4120681e-01   1.9690967e+00
  -7.4403763e-01   1.9833658e+00
  -7.4941260e-01   1.9886289e+00
  -7.6080485e-01   2.0020226e+00
  -7.5893946e-01   2.0036132e+00
  -7.6135013e-01   2.0130584e+00
  -7.4764407e-01   2.0182260e+00
  -7.4915990e-01   2.0226936e+00
  -7.3961616e-01   2.0238294e+00
  -7.4051509e-01   2.0316466e+00
  -7.5205840e-01   2.0347194e+00
  -7.5080739e-01   2.0366783e+00
  -7.5210166e-01   2.0367540e+00
  -7.6099118e-01   2.0430112e+00
  -7.5252502e-01   2.0418639e+00
  -7.4512191e-01   2.0452848e+00
  -7.4710102e-01   2.0435439e+00
  -7.5253614e-01   2.0463863e+00
  -7.6068640e-01   2.0484962e+00
  -7.3829720e-01   2.0447445e+00
  -7.4542169e-01   2.0475218e+00
  -7.4810686e-01   2.0490185e+00
  -7.5325344e-01   2.0449517e+00
   6.1928907e-02   2.0479901e+00
   6.2347686e-02   2.0455037e+00
   4.2700535e-02   1.9980054e+00
   5.8561180e-02   1.9276682e+00
   5.4796215e-02   1.8330957e+00
   4.3120514e-02   1.7222225e+00
   4.4255365e-02   1.6182570e+00
   6.0690611e-02   1.4964326e+00
   3.9638102e-02   1.3750771e+00
   6.2202077e-02   1.2638889e+00
   5.4745438e-02   1.1501623e+00
   5.4122797e-02   1.0318087e+00
   5.3451057e-02   9.4090090e-01
   4.3266344e-02   8.3808869e-01
   4.2419972e-02   7.5541354e-01
   4.3490371e-02   6.7872744e-01
   5.8555248e-02   6.0193852e-01
   4.5069108e-02   5.3006519e-01
   6.1664230e-02   4.6668687e-01
   4.9307312e-02   4.1974743e-01
   5.8120122e-02   3.6871180e-01
   4.7831248e-02   3.2340000e-01
   5.3696071e-02   2.7676943e-01
   6.0240991e-02   2.3840862e-01
   4.1063818e-02   2.0503407e-01
   4.9879080e-02   1.7135935e-01
   6.1220535e-02   1.4707650e-01
   6.0808480e-02   1.1862919e-01
   5.9151949e-02   1.0721273e-01
   4.4340124e-02   8.2645468e-02
   5.5939559e-02   6.8134339e-02
   5.8105729e-02   5.8384568e-02
   4.3173677e-02   4.1806022e-02
   4.0289044e-02   2.4233598e-02
   4.3336408e-02   2.4679626e-02
   4.5117124e-02   7.4587375e-03
   6.1147364e-02  -1.4702376e-03
   4.9269852e-02  -4.0936156e-03
   4.9415046e-02  -1.0127321e-02
   4.8086636e-02  -2.1393275e-02
   5.6343814e-02  -2.1721558e-02
   4.5361299e-02  -2.5198695e-02
   6.1360632e-02  -2.6664314e-02
   4.8649454e-02  -3.0460372e-02
   5.8363972e-02  -3.9268224e-02
   4.4174018e-02  -4.0723450e-02
   4.6197927e-02  -3.9919415e-02
   4.4368980e-02  -4.6577727e-02
   5.7011696e-02  -4.0350026e-02
   6.1140747e-02  -5.0610690e-02
   4.5783184e-02  -4.0633771e-02
   4.5887589e-02  -4.9796758e-02
   4.7958374e-02  -5.2251011e-02
   4.2719486e-02  -4.7712562e-02
   5.0023450e-02  -4.3379412e-02
   5.3360029e-02  -5.4880088e-02
   4.4910148e-02  -5.3533136e-02
   4.5629136e-02  -5.2304709e-02
   4.8565044e-02  -4.8756639e-02
   5.8843735e-02  -5.5342944e-02
   4.1206893e-02  -5.0247089e-02
   5.1257662e-02  -4.6407950e-02
   4.5762710e-02  -5.0316203e-02
   5.4057466e-02  -5.0845754e-02
   5.4145202e-02  -5.1351433e-02
   5.1326106e-02  -4.8161390e-02
   6.2533021e-02  -5.6173932e-02
   5.2535699e-02  -6.1041016e-02
   5.7936444e-02  -5.4949876e-02
  -4.9102253e-01  -4.7906106e-02
  -4.9246028e-01  -6.1117868e-02
  -5.0982195e-01  -3.7288626e-02
  -5.0121522e-01   4.3266677e-03
  -4.9155556e-01   5.3528401e-02
  -4.9199805e-01   1.0429608e-01
  -4.9731460e-01   1.4970849e-01
  -5.0263193e-01   2.0680561e-01
  -4.9563086e-01   2.6416100e-01
  -4.9061161e-01   3.2725266e-01
  -4.9015483e-01   3.8270335e-01
  -5.1244511e-01   4.3078605e-01
  -5.0136219e-01   4.8344690e-01
  -5.0100669e-01   5.2999931e-01
  -5.0805796e-01   5.6787823e-01
  -5.0132742e-01   6.0651091e-01
  -5.0421002e-01   6.4572076e-01
  -5.0354453e-01   6.6834565e-01
  -4.9564707e-01   7.0981889e-01
  -4.9640446e-01   7.3246483e-01
  -5.0995868e-01   7.5813332e-01
  -4.9398349e-01   7.7415719e-01
  -4.9261440e-01   7.9420070e-01
  -5.0025358e-01   8.1377178e-01
  -4.8992000e-01   8.3542854e-01
  -5.0785316e-01   8.4334242e-01
  -5.0492655e-01   8.6209468e-01
  -5.1115472e-01   8.6549787e-01
  -4.9877022e-01   8.7316880e-01
  -5.1272185e-01   8.8574194e-01
  -5.0367176e-01   9.0034666e-01
  -5.0551244e-01   9.0814042e-01
  -4.9175990e-01   9.1116808e-01
  -5.0415390e-01   9.1574956e-01
  -4.9102529e-01   9.2626459e-01
  -5.0019935e-01   9.2142703e-01
  -5.0172618e-01   9.3161029e-01
  -4.9866181e-01   9.3086084e-01
  -5.0720584e-01   9.3937193e-01
  -5.0411670e-01   9.3636998e-01
  -5.0709454e-01   9.4065289e-01
  -4.9861230e-01   9.4821771e-01
  -5.1157178e-01   9.4940532e-01
  -4.9372417e-01   9.3878603e-01
  -5.0576083e-01   9.4271023e-01
  -5.0892719e-01   9.5341919e-01
  -5.1278408e-01   9.4262553e-01
  -4.9544694e-01   9.4328018e-01
  -5.0411645e-01   9.4811894e-01
  -4.9965913e-01   9.4932484e-01
  -4.9491770e-01   9.5644778e-01
  -5.0710418e-01   9.5054391e-01
  -5.0081330e-01   9.4593007e-01
  -5.0411082e-01   9.5816243e-01
  -4.9152979e-01   9.4771357e-01
  -5.0524227e-01   9.5698128e-01
  -5.1286068e-01   9.5492128e-01
  -5.0628488e-01   9.5759106e-01
  -4.9251051e-01   9.5742495e-01
  -4.8929322e-01   9.5130199e-01
  -5.1237620e-01   9.5434811e-01
  -5.0779844e-01   9.5721594e-01
  -4.9000798e-01   9.5998846e-01
  -4.9072068e-01   9.5494833e-01
  -4.8959909e-01   9.5041287e-01
  -4.9119230e-01   9.4906498e-01
  -4.9527506e-01   9.6215665e-01
  -5.0720754e-01   9.5424342e-01
  -5.0400189e-01   9.5629280e-01
  -4.2038418e-01   9.5852065e-01
  -4.0611233e-01   9.6190012e-01
  -3.9874914e-01   9.5323228e-01
  -4.1519537e-01   9.3655162e-01
  -4.2046980e-01   9.2214762e-01
  -4.2037719e-01   9.0620271e-01
  -4.1103399e-01   8.9120417e-01
  -4.1829632e-01   8.7575626e-01
  -4.1056366e-01   8.6544207e-01
  -4.1294288e-01   8.5275827e-01
  -4.0931553e-01   8.2940767e-01
  -4.0369907e-01   8.1823732e-01
  -4.1699294e-01   7.9923944e-01
  -4.1142461e-01   7.9753823e-01
  -4.1379820e-01   7.8005309e-01
  -4.1579227e-01   7.7574243e-01
  -4.0548940e-01   7.5797222e-01
  -3.9853757e-01   7.5779849e-01
  -4.0547082e-01   7.4572015e-01
  -4.1328053e-01   7.4168953e-01
  -4.1559619e-01   7.2232977e-01
  -4.0928124e-01   7.1603564e-01
  -4.0878847e-01   7.1531011e-01
  -4.1292775e-01   7.1226881e-01
  -4.2030697e-01   7.1055922e-01
  -4.1727180e-01   6.9796498e-01
  -4.2049427e-01   6.9943821e-01
  -4.1423254e-01   6.9560754e-01
  -4.0998241e-01   6.8830178e-01
  -4.1657061e-01   6.9229079e-01
  -4.0644071e-01   6.9037264e-01
  -4.0718863e-01   6.9190199e-01
  -4.0169368e-01   6.8079595e-01
  -3.9916760e-01   6.8588261e-01
  -4.1919296e-01   6.8001912e-01
  -4.0112093e-01   6.8367824e-01
  -4.2043413e-01   6.8507591e-01
  -4.1604210e-01   6.7232703e-01
  -4.0130772e-01   6.8400430e-01
  -4.1431530e-01   6.8355359e-01
  -4.0311389e-01   6.7106300e-01
  -4.0712420e-01   6.7763590e-01
  -4.1194868e-01   6.7716818e-01
  -4.1196919e-01   6.7536639e-01
  -4.0490580e-01   6.7259709e-01
  -4.1671338e-01   6.7794252e-01
  -4.0425941e-01   6.6997929e-01
  -4.1928974e-01   6.6693249e-01
  -4.0817918e-01   6.7665303e-01
  -4.0392472e-01   6.7851052e-01
  -4.1255774e-01   6.6988513e-01
  -4.1928069e-01   6.7221444e-01
  -3.9853169e-01   6.6970737e-01
  -4.1784869e-01   6.6735105e-01
  -4.0668943e-01   6.7878293e-01
  -4.1592820e-01   6.6936396e-01
  -4.1401280e-01   6.7455728e-01
  -4.1713667e-01   6.7585395e-01
  -4.1932200e-01   6.6629872e-01
  -4.0362156e-01   6.7303676e-01
  -4.0364237e-01   6.6605419e-01
  -3.9966960e-01   6.7709045e-01
  -4.1938874e-01   6.6978591e-01
  -4.1168044e-01   6.7832898e-01
  -4.1632273e-01   6.7877028e-01
  -4.0846340e-01   6.6717034e-01
  -4.1265437e-01   6.6938738e-01
  -4.1300786e-01   6.7250572e-01
  -4.0113518e-01   6.7153947e-01
   9.7263560e-01   6.7005700e-01
   9.5984542e-01   6.7719294e-01
   9.6035371e-01   4.8751912e-01
   9.5280400e-01   1.8771812e-01
   9.6889013e-01  -2.1403287e-01
   9.5362836e-01  -6.6247929e-01
   9.6359663e-01  -1.1415057e+00
   9.6951640e-01  -1.6366058e+00
   9.6817188e-01  -2.1316317e+00
   9.6131352e-01  -2.6175220e+00
   9.6559528e-01  -3.0972630e+00
   9.7155907e-01  -3.5381637e+00
   9.6211031e-01  -3.9562976e+00
   9.7129069e-01  -4.3509963e+00
   9.6759595e-01  -4.7281422e+00
   9.6864340e-01  -5.0551429e+00
   9.5278306e-01  -5.3673238e+00
   9.7057894e-01  -5.6592013e+00
   9.6370505e-01  -5.9096807e+00
   9.6103707e-01  -6.1516762e+00
   9.7278572e-01  -6.3567218e+00
   9.5760836e-01  -6.5487100e+00
   9.6611872e-01  -6.7197521e+00
   9.6980364e-01  -6.8725941e+00
   9.6485114e-01  -7.0213897e+00
   9.6841309e-01  -7.1400764e+00
   9.6282776e-01  -7.2519797e+00
   9.5663568e-01  -7.3479066e+00
   9.6378638e-01  -7.4426455e+00
   9.5743011e-01  -7.5186803e+00
   9.6453586e-01  -7.5835422e+00
   9.5969466e-01  -7.6402859e+00
   9.7318176e-01  -7.7010197e+00
   9.7550258e-01  -7.7495003e+00
   9.5876027e-01  -7.7938841e+00
   9.5773260e-01  -7.8330470e+00
   9.5867674e-01  -7.8609299e+00
   9.7576850e-01  -7.8856458e+00
   9.5292622e-01  -7.9100329e+00
   9.6857348e-01  -7.9374053e+00
   9.5807900e-01  -7.9595275e+00
   9.6937246e-01  -7.9822737e+00
   9.6746240e-01  -7.9940254e+00
   9.5411643e-01  -8.0067091e+00
   9.6914960e-01  -8.0139761e+00
   9.6976585e-01  -8.0310733e+00
   9.6910633e-01  -8.0350385e+00
   9.7173831e-01  -8.0398440e+00
   9.6573848e-01  -8.0482374e+00
   9.7192941e-01  -8.0587252e+00
   9.5685020e-01  -8.0655254e+00
   9.6116790e-01  -8.0728402e+00
   9.7304973e-01  -8.0685279e+00
   9.6751853e-01  -8.0734947e+00
   9.5689939e-01  -8.0770427e+00
   9.5408381e-01  -8.0865908e+00
   9.5294172e-01  -8.0782400e+00
   9.7542001e-01  -8.0856825e+00
   9.6129182e-01  -8.0923647e+00
   9.6712137e-01  -8.0934752e+00
   9.5284958e-01  -8.0838951e+00
   9.5460095e-01  -8.0949435e+00
   9.6762870e-01  -8.0931703e+00
   9.5953603e-01  -8.0964258e+00
   9.5638734e-01  -8.0989803e+00
   9.7002544e-01  -8.0989250e+00
   9.6782374e-01  -8.0940924e+00
   9.6197770e-01  -8.0941281e+00
   9.5876047e-01  -8.0950856e+00
  -2.0220553e-02  -8.0912167e+00
  -3.7292260e-02  -8.1003997e+00
  -2.7929121e-02  -7.9256801e+00
  -2.7296021e-02  -7.6490379e+00
  -2.0990210e-02  -7.2868769e+00
  -3.9204286e-02  -6.8695703e+00
  -3.1254338e-02  -6.4103074e+00
  -2.5243937e-02  -5.9627961e+00
  -1.8277789e-02  -5.4984653e+00
  -2.5293910e-02  -5.0486696e+00
  -3.7978199e-02  -4.6089367e+00
  -3.6325679e-02  -4.1964188e+00
  -2.2925609e-02  -3.8102028e+00
  -2.0449351e-02  -3.4409394e+00
  -2.6014868e-02  -3.1050700e+00
  -2.1821532e-02  -2.7903511e+00
  -3.8347274e-02  -2.4943967e+00
  -3.9866943e-02  -2.2300143e+00
  -1.8206806e-02  -2.0011504e+00
  -2.4796847e-02  -1.7824704e+00
  -3.3974781e-02  -1.5844130e+00
  -3.8873540e-02  -1.4045777e+00
  -2.2254677e-02  -1.2495444e+00
  -3.9674574e-02  -1.1010142e+00
  -3.6074748e-02  -9.7267370e-01
  -2.3827578e-02  -8.6402235e-01
  -2.1065761e-02  -7.5085616e-01
  -3.6249127e-02  -6.6505457e-01
  -4.0908764e-02  -5.8609735e-01
  -1.9106298e-02  -5.1473765e-01
  -2.2323837e-02  -4.5280388e-01
  -4.0569207e-02  -3.8666754e-01
  -3.4797288e-02  -3.3998123e-01
  -3.1127219e-02  -2.9920436e-01
  -2.4323508e-02  -2.5106982e-01
  -3.7192692e-02  -2.2280977e-01
  -2.5548614e-02  -1.8502366e-01
  -2.0561998e-02  -1.6501575e-01
  -3.4559357e-02  -1.4460521e-01
  -3.9463649e-02  -1.2440792e-01
  -2.3387483e-02  -1.0000158e-01
  -3.8436805e-02  -8.8283297e-02
  -3.1148033e-02  -7.1374322e-02
  -2.7021488e-02  -6.3230518e-02
  -2.4452529e-02  -4.7659927e-02
  -2.7946621e-02  -3.4005375e-02
  -1.9558634e-02  -2.1524519e-02
  -2.8327520e-02  -1.6247483e-02
  -1.9582898e-02  -1.1465718e-02
  -2.6822308e-02  -1.0485954e-02
  -3.5602535e-02  -2.3175944e-03
  -3.8074672e-02  -1.1049051e-03
  -3.0605461e-02   5.8811620e-03
  -3.2123562e-02   1.1878458e-02
  -3.5102656e-02   1.3565699e-02
  -2.2212296e-02   1.3225958e-02
  -1.7857259e-02   1.5247768e-02
  -3.0458797e-02   1.1970109e-02
  -3.5789183e-02   1.7148263e-02
  -1.9302012e-02   1.6326408e-02
  -3.1040671e-02   1.6391416e-02
  -3.3224487e-02   2.1961589e-02
  -3.0829567e-02   1.9651747e-02
  -2.2228694e-02   1.9068807e-02
  -2.3629527e-02   3.1617706e-02
  -3.2178982e-02   2.8043172e-02
  -2.8875553e-02   2.2136645e-02
  -2.0920100e-02   3.4218271e-02
  -2.9751649e-02   3.4138584e-02
  -6.1641485e-01   2.8395816e-02
  -6.3281631e-01   2.5907769e-02
  -6.3588826e-01   6.3312208e-02
  -6.2595676e-01   1.0434279e-01
  -6.2911528e-01   1.6997976e-01
  -6.3537600e-01   2.4418249e-01
  -6.2720114e-01   3.2438801e-01
  -6.3932783e-01   4.0394794e-01
  -6.2913746e-01   4.8756348e-01
  -6.3237954e-01   5.5978153e-01
  -6.3221546e-01   6.4622620e-01
  -6.3457161e-01   7.2109409e-01
  -6.2565765e-01   7.8530328e-01
  -6.2003054e-01   8.5403885e-01
  -6.3039068e-01   9.0520077e-01
  -6.1648319e-01   9.6779635e-01
  -6.3168710e-01   1.0151869e+00
  -6.3025186e-01   1.0589648e+00
  -6.3313312e-01   1.0971686e+00
  -6.2703069e-01   1.1453672e+00
  -6.2667476e-01   1.1713575e+00
  -6.3348938e-01   1.1998848e+00
  -6.1953125e-01   1.2333015e+00
  -6.2897090e-01   1.2630148e+00
  -6.3729129e-01   1.2784768e+00
  -6.1766315e-01   1.3046627e+00
  -6.3756632e-01   1.3201339e+00
  -6.3741475e-01   1.3315952e+00
  -6.2666322e-01   1.3433809e+00
  -6.4016203e-01   1.3574502e+00
  -6.3423663e-01   1.3712741e+00
  -6.3560565e-01   1.3865160e+00
  -6.1853896e-01   1.3892239e+00
  -6.3225131e-01   1.4077057e+00
  -6.1973963e-01   1.4136009e+00
  -6.1932748e-01   1.4132496e+00
  -6.3764369e-01   1.4189392e+00
  -6.3528761e-01   1.4237914e+00
  -6.2259359e-01   1.4305817e+00
  -6.3306305e-01   1.4377296e+00
  -6.2898810e-01   1.4388979e+00
  -6.3301945e-01   1.4394059e+00
  -6.3797130e-01   1.4461719e+00
  -6.2747326e-01   1.4413801e+00
  -6.2607237e-01   1.4448209e+00
  -6.2338409e-01   1.4417857e+00
  -6.3127546e-01   1.4457844e+00
  -6.2089367e-01   1.4468739e+00
  -6.3676901e-01   1.4482336e+00
  -6.3654929e-01   1.4493743e+00
  -6.3687111e-01   1.4507160e+00
  -6.2476261e-01   1.4505085e+00
  -6.3109417e-01   1.4483554e+00
  -6.1709714e-01   1.4480258e+00
  -6.1968653e-01   1.4482672e+00
  -6.3507922e-01   1.4508464e+00
  -6.2277788e-01   1.4576522e+00
  -6.1787439e-01   1.4508424e+00
  -6.3149286e-01   1.4520634e+00
  -6.2603311e-01   1.4588953e+00
  -6.3240406e-01   1.4633955e+00
  -6.3408966e-01   1.4608973e+00
  -6.2116246e-01   1.4526490e+00
  -6.2321923e-01   1.4588778e+00
  -6.2185290e-01   1.4530635e+00
  -6.3047595e-01   1.4507923e+00
  -6.2083871e-01   1.4610201e+00
  -6.3033910e-01   1.4525084e+00
  -6.2107896e-01   1.4627105e+00
  -2.2515623e-01   1.4597075e+00
  -2.1882637e-01   1.4627808e+00
  -2.1944358e-01   1.4379375e+00
  -2.2814548e-01   1.3897603e+00
  -2.3041509e-01   1.3381319e+00
  -2.2204681e-01   1.2760910e+00
  -2.2817281e-01   1.2206917e+00
  -2.2918255e-01   1.1429956e+00
  -2.3242374e-01   1.0809205e+00
  -2.3277254e-01   1.0120654e+00
  -2.3623321e-01   9.5753953e-01
  -2.2890659e-01   8.9113014e-01
  -2.1957428e-01   8.3726049e-01
  -2.1857651e-01   7.7968734e-01
  -2.3913096e-01   7.3291139e-01
  -2.4038930e-01   6.9377647e-01
  -2.2272493e-01   6.4923769e-01
  -2.3836573e-01   6.0687537e-01
  -2.3179125e-01   5.7663923e-01
  -2.3418651e-01   5.3942705e-01
  -2.2517761e-01   5.1011976e-01
  -2.2884785e-01   4.8782309e-01
  -2.3694833e-01   4.6140150e-01
  -2.3622894e-01   4.4718638e-01
  -2.2876734e-01   4.2578069e-01
  -2.3259258e-01   4.0459051e-01
  -2.3766304e-01   3.9112802e-01
  -2.2919923e-01   3.8305067e-01
  -2.1837987e-01   3.7515829e-01
  -2.3063331e-01   3.5575433e-01
  -2.2120201e-01   3.5057113e-01
  -2.2606597e-01   3.3711117e-01
  -2.4149593e-01   3.3737892e-01
  -2.1889735e-01   3.3505276e-01
  -2.2131255e-01   3.2137432e-01
  -2.4035923e-01   3.1390815e-01
  -2.2225279e-01   3.1947924e-01
  -2.2725799e-01   3.0885719e-01
  -2.1966543e-01   3.0528679e-01
  -2.2759258e-01   3.0195998e-01
  -2.3656908e-01   3.0218956e-01
  -2.3578882e-01   2.9721635e-01
  -2.3860019e-01   2.9992799e-01
  -2.2570680e-01   2.8942429e-01
  -2.3232827e-01   2.9053662e-01
  -2.3908577e-01   2.8734246e-01
  -2.2754184e-01   2.9088737e-01
  -2.3760774e-01   2.8943597e-01
  -2.3840556e-01   2.8830164e-01
  -2.3963389e-01   2.8544978e-01
  -2.2172132e-01   2.8335207e-01
  -2.2264271e-01   2.8323798e-01
  -2.2356476e-01   2.9066859e-01
  -2.3996379e-01   2.8253410e-01
  -2.3590580e-01   2.8028430e-01
  -2.2945805e-01   2.9154323e-01
  -2.2866712e-01   2.8997380e-01
  -2.3445225e-01   2.8938517e-01
  -2.3985233e-01   2.8255882e-01
  -2.2752061e-01   2.9055959e-01
  -2.2621717e-01   2.8310061e-01
  -2.2749578e-01   2.7899237e-01
  -2.2240951e-01   2.8134459e-01
  -2.2089789e-01   2.7892423e-01
  -2.2241774e-01   2.8707805e-01
  -2.3153775e-01   2.8316533e-01
  -2.3527999e-01   2.8534982e-01
  -2.2242822e-01   2.8326950e-01
  -2.2494826e-01   2.8130686e-01
   4.7258978e-01   2.8221505e-01
   4.7150862e-01   2.8981488e-01
   4.5478961e-01   2.5640777e-01
   4.7710230e-01   2.0788634e-01
   4.5923669e-01   1.3207324e-01
   4.5589395e-01   5.9681727e-02
   4.7276723e-01  -2.7684255e-02
   4.6932471e-01  -1.0796580e-01
   4.7734372e-01  -1.9372101e-01
   4.7135112e-01  -2.7524623e-01
   4.5374808e-01  -3.4238718e-01
   4.6033020e-01  -4.2709155e-01
   4.6513520e-01  -5.0108445e-01
   4.7443524e-01  -5.5998001e-01
   4.5479518e-01  -6.2710933e-01
   4.7247996e-01  -6.7662579e-01
   4.5955126e-01  -7.2543645e-01
   4.6275240e-01  -7.7306213e-01
   4.7598255e-01  -8.2763349e-01
   4.7139225e-01  -8.5649564e-01
   4.6541410e-01  -8.9515682e-01
   4.6410514e-01  -9.2377226e-01
   4.6281712e-01  -9.6034101e-01
   4.7584655e-01  -9.8144372e-01
   4.6002953e-01  -1.0061459e+00
   4.7145614e-01  -1.0236748e+00
   4.7212466e-01  -1.0497693e+00
   4.7453167e-01  -1.0563357e+00
   4.7372906e-01  -1.0792406e+00
   4.6659559e-01  -1.0856152e+00
   4.5776697e-01  -1.1038259e+00
   4.6473654e-01  -1.1160083e+00
   4.6290570e-01  -1.1207241e+00
   4.5450988e-01  -1.1264815e+00
   4.6602533e-01  -1.1437739e+00
   4.5422212e-01  -1.1486156e+00
   4.6068380e-01  -1.1428442e+00
   4.7070212e-01  -1.1529792e+00
   4.7310783e-01  -1.1552357e+00
   4.5953854e-01  -1.1602935e+00
   4.5891180e-01  -1.1678349e+00
   4.5821602e-01  -1.1745712e+00
   4.7135221e-01  -1.1749775e+00
   4.5409506e-01  -1.1692910e+00
   4.6001672e-01  -1.1717615e+00
   4.6992748e-01  -1.1761624e+00
   4.6661466e-01  -1.1854659e+00
   4.6716315e-01  -1.1751434e+00
   4.5955823e-01  -1.1746987e+00
   4.6239838e-01  -1.1769379e+00
   4.7041649e-01  -1.1766126e+00
   4.7072088e-01  -1.1780193e+00
   4.7014106e-01  -1.1910576e+00
   4.5689057e-01  -1.1875531e+00
   4.7177139e-01  -1.1797329e+00
   4.5526729e-01  -1.1833957e+00
   4.6040835e-01  -1.1831256e+00
   2.1482377e-01  -1.1806436e+00
